4.7 1 0.0 0 18.0 0 0 0.0 0.0 0.000 0 0.00 0
5.7 0 0.0 0 18.0 0 0 0.0 0.0 0.000 0 0.00 0
6.7 0 0.0 0 18.0 0 0 0.0 0.0 0.000 0 0.00 0
7.7 0 0.0 0 18.0 1 0 0.1 0.0 0.000 0 0.00 0
8.7 0 0.0 1 18.4 1 0 0.3 0.0 0.000 0 0.00 0
9.7 0 0.0 1 18.8 1 0 0.4 0.0 0.000 0 0.00 0
10.7 0 0.0 1 19.2 1 0 0.6 0.0 0.000 0 0.01 0
11.7 0 0.0 1 19.6 1 0 0.7 0.0 0.000 0 0.01 0
12.7 0 0.0 1 19.9 1 0 0.9 0.0 0.000 0 0.01 0
13.7 0 0.0 1 20.2 1 0 1.0 0.0 0.000 0 0.01 0
14.7 0 0.0 1 20.5 1 0 1.2 0.0 0.000 0 0.01 0
15.7 0 0.0 1 20.8 1 0 1.3 0.0 0.000 0 0.01 0
16.7 0 0.0 1 21.0 1 0 1.5 0.0 0.000 0 0.02 0
17.7 0 0.0 1 21.2 1 0 1.6 0.0 0.000 0 0.02 0
18.7 0 0.0 1 21.5 1 0 1.8 0.0 0.000 0 0.02 0
19.7 0 0.0 1 21.7 1 0 1.9 0.0 0.000 0 0.02 0
20.7 0 0.0 1 21.8 1 0 2.1 0.0 0.000 0 0.02 0
21.7 0 0.0 1 22.0 1 0 2.2 0.0 0.000 0 0.02 0
22.7 0 0.0 1 22.2 1 0 2.4 0.0 0.000 0 0.03 0
23.7 0 0.0 1 22.4 1 0 2.5 0.0 0.000 0 0.03 0
24.7 0 0.0 1 22.5 1 0 2.7 0.0 0.000 0 0.03 0
25.7 0 0.0 1 22.6 1 0 2.8 0.0 0.000 0 0.03 0
26.7 0 0.0 1 22.8 1 0 3.0 0.0 0.000 0 0.03 0
27.7 0 0.0 1 22.9 1 0 3.1 0.0 0.000 0 0.03 0
28.7 0 0.0 1 23.0 1 0 3.3 0.0 0.000 0 0.04 0
29.7 0 0.0 1 23.1 1 0 3.4 0.0 0.000 0 0.04 0
30.7 0 0.0 1 23.2 1 0 3.6 0.0 0.000 0 0.04 0
31.7 0 0.0 1 23.3 1 0 3.7 0.0 0.000 0 0.04 0
32.7 0 0.0 1 23.4 1 0 3.9 0.0 0.000 0 0.04 0
33.7 0 0.0 1 23.5 1 0 4.0 0.0 0.000 0 0.04 0
34.7 0 0.0 1 23.6 1 0 4.2 0.0 0.000 0 0.05 0
35.7 0 0.0 1 23.7 1 0 4.3 0.0 0.000 0 0.05 0
36.7 0 0.0 1 23.8 1 0 4.5 0.0 0.000 0 0.05 0
37.7 0 0.0 1 23.9 1 0 4.6 0.0 0.000 0 0.05 0
38.7 0 0.0 1 23.9 1 0 4.8 0.0 0.000 0 0.05 0
39.7 0 0.0 1 24.0 1 0 4.9 0.0 0.000 0 0.05 0
40.7 0 0.0 1 24.1 1 0 5.1 0.0 0.000 0 0.06 0
41.7 0 0.0 1 24.2 1 0 5.2 0.0 0.000 0 0.06 0
42.7 0 0.0 1 24.2 1 0 5.4 0.0 0.000 0 0.06 0
43.7 0 0.0 1 24.3 1 0 5.5 0.0 0.000 0 0.06 0
44.7 0 0.0 1 24.3 1 0 5.7 0.0 0.000 0 0.06 0
45.7 0 0.0 1 24.4 1 0 5.8 0.0 0.000 0 0.07 0
46.7 0 0.0 1 24.5 1 0 6.0 0.0 0.000 0 0.07 0
47.7 0 0.0 1 24.5 1 0 6.1 0.0 0.000 0 0.07 0
48.7 0 0.0 1 24.6 1 0 6.3 0.0 0.000 0 0.07 0
49.7 0 0.0 1 24.6 1 0 6.4 0.0 0.000 0 0.07 0
50.7 0 0.0 1 24.7 1 0 6.6 0.0 0.000 0 0.07 0
51.7 0 0.0 1 24.7 1 0 6.7 0.0 0.000 0 0.08 0
52.7 0 0.0 1 24.8 1 0 6.9 0.0 0.000 0 0.08 0
53.7 0 0.0 1 24.8 1 0 7.0 0.0 0.000 0 0.08 0
54.7 0 0.0 1 24.8 1 0 7.2 0.0 0.000 0 0.08 0
55.7 0 0.0 1 24.9 1 0 7.3 0.0 0.000 0 0.08 0
56.7 0 0.0 1 24.9 1 0 7.5 0.0 0.000 0 0.08 0
57.7 0 0.0 1 25.0 1 0 7.6 0.0 0.000 0 0.09 0
58.7 0 0.0 1 25.0 1 0 7.8 0.0 0.000 0 0.09 0
59.7 0 0.0 1 25.0 1 0 7.9 0.0 0.000 0 0.09 0
60.7 0 0.0 1 25.1 1 0 8.1 0.0 0.000 0 0.09 0
61.7 0 0.0 1 25.1 1 0 8.2 0.0 0.000 0 0.09 0
62.7 0 0.0 1 25.1 1 0 8.4 0.0 0.000 0 0.09 0
63.7 0 0.0 1 25.2 1 0 8.5 0.0 0.000 0 0.10 0
64.7 0 0.0 1 25.2 1 0 8.7 0.0 0.000 0 0.10 0
65.7 0 0.0 1 25.2 1 0 8.8 0.0 0.000 0 0.10 0
66.7 0 0.0 1 25.3 1 0 9.0 0.0 0.000 0 0.10 0
67.7 0 0.0 1 25.3 1 0 9.1 0.0 0.000 0 0.10 0
68.7 0 0.0 1 25.3 1 0 9.3 0.0 0.000 0 0.10 0
69.7 0 0.0 1 25.4 1 0 9.4 0.0 0.000 0 0.11 0
70.7 0 0.0 1 25.4 1 0 9.6 0.0 0.000 0 0.11 0
71.7 0 0.0 1 25.4 1 0 9.7 0.0 0.000 0 0.11 0
72.7 0 0.0 1 25.4 1 0 9.9 0.0 0.000 0 0.11 0
73.7 0 0.0 1 25.5 1 0 10.0 0.0 0.000 0 0.11 0
74.7 0 0.0 1 25.5 0 0 10.1 0.0 0.000 0 0.11 0
75.7 0 0.0 1 25.6 0 0 10.1 0.0 0.000 0 0.12 0
76.7 0 0.0 1 25.7 0 0 10.1 0.0 0.000 0 0.12 0
77.7 0 0.0 1 25.9 0 0 10.1 0.0 0.000 0 0.12 0
78.7 0 0.0 1 26.0 0 0 10.1 0.0 0.000 0 0.12 0
79.7 0 0.0 1 26.1 0 0 10.1 0.0 0.000 0 0.12 0
80.7 0 0.0 1 26.2 0 0 10.1 0.0 0.000 0 0.12 0
81.7 0 0.0 1 26.3 0 0 10.1 0.0 0.000 0 0.13 0
82.7 0 0.0 1 26.4 0 0 10.1 0.0 0.000 0 0.13 0
83.7 0 0.0 1 26.5 0 0 10.1 0.0 0.000 0 0.13 0
84.7 0 0.0 1 26.6 0 0 10.1 0.0 0.000 0 0.13 0
85.7 0 0.0 1 26.7 0 0 10.1 0.0 0.000 0 0.13 0
86.7 0 0.0 1 26.8 0 0 10.1 0.0 0.000 0 0.13 0
87.7 0 0.0 1 27.0 0 0 10.1 0.0 0.000 0 0.14 0
88.7 0 0.0 1 27.1 0 0 10.1 0.0 0.000 0 0.14 0
89.7 0 0.0 1 27.2 0 0 10.1 0.0 0.000 0 0.14 0
90.7 0 0.0 1 27.3 0 0 10.1 0.0 0.000 0 0.14 0
91.7 0 0.0 1 27.4 0 0 10.1 0.0 0.000 0 0.14 0
92.7 0 0.0 1 27.5 0 0 10.1 0.0 0.000 0 0.14 0
93.7 0 0.0 1 27.6 0 0 10.1 0.0 0.000 0 0.14 0
94.7 0 0.0 1 27.7 0 0 10.1 0.0 0.000 0 0.15 0
95.7 0 0.0 1 27.8 0 0 10.1 0.0 0.000 0 0.15 0
96.7 0 0.0 1 27.9 0 0 10.1 0.0 0.000 0 0.15 0
97.7 0 0.0 1 28.0 0 0 10.1 0.0 0.000 0 0.15 0
98.7 0 0.0 1 28.1 0 0 10.1 0.0 0.000 0 0.15 0
99.7 0 0.0 1 28.2 0 0 10.1 0.0 0.000 0 0.15 0
100.7 0 0.0 1 28.4 0 0 10.1 0.0 0.000 0 0.16 0
101.7 0 0.0 1 28.5 0 0 10.1 0.0 0.000 0 0.16 0
102.7 0 0.0 1 28.6 0 0 10.1 0.0 0.000 0 0.16 0
103.7 0 0.0 1 28.7 0 0 10.1 0.0 0.000 0 0.16 0
104.7 0 0.0 1 28.8 0 0 10.1 0.0 0.000 0 0.16 0
105.7 0 0.0 1 28.9 0 0 10.1 0.0 0.000 0 0.16 0
106.7 0 0.0 1 29.0 0 0 10.1 0.0 0.000 0 0.17 0
107.7 0 0.0 1 29.1 0 0 10.1 0.0 0.000 0 0.17 0
108.7 0 0.0 1 29.2 0 0 10.1 0.0 0.000 0 0.17 0
109.7 0 0.0 1 29.3 0 0 10.1 0.0 0.000 0 0.17 0
110.7 0 0.0 1 29.4 0 0 10.1 0.0 0.000 0 0.17 0
111.7 0 0.0 1 29.5 0 0 10.1 0.0 0.000 0 0.17 0
112.7 0 0.0 1 29.6 0 0 10.1 0.0 0.000 0 0.18 0
113.7 0 0.0 1 29.7 0 0 10.1 0.0 0.000 0 0.18 0
114.7 0 0.0 1 29.8 0 0 10.1 0.0 0.000 0 0.18 0
115.7 0 0.0 1 29.9 0 0 10.1 0.0 0.000 0 0.18 0
116.7 0 0.0 1 30.1 0 0 10.1 0.0 0.000 0 0.18 0
117.7 0 0.0 1 30.2 0 0 10.1 0.0 0.000 0 0.18 0
118.7 0 0.0 1 30.3 0 0 10.1 0.0 0.000 0 0.19 0
119.7 0 0.0 1 30.4 0 0 10.1 0.0 0.000 0 0.19 0
120.7 0 0.0 1 30.5 0 0 10.1 0.0 0.000 0 0.19 0
121.7 0 0.0 1 30.6 0 0 10.1 0.0 0.000 0 0.19 0
122.7 0 0.0 1 30.7 0 0 10.1 0.0 0.000 0 0.19 0
123.7 0 0.0 1 30.8 0 0 10.1 0.0 0.000 0 0.19 0
124.7 0 0.0 1 30.9 0 0 10.1 0.0 0.000 0 0.19 0
125.7 0 0.0 1 31.0 0 0 10.1 0.0 0.000 0 0.20 0
126.7 0 0.0 1 31.1 0 0 10.1 0.0 0.000 0 0.20 0
127.7 0 0.0 1 31.2 0 0 10.1 0.0 0.000 0 0.20 0
128.7 0 0.0 1 31.3 0 0 10.1 0.0 0.000 0 0.20 0
129.7 0 0.0 1 31.4 0 0 10.1 0.0 0.000 0 0.20 0
130.7 0 0.0 1 31.5 0 0 10.1 0.0 0.000 0 0.20 0
131.7 0 0.0 1 31.6 0 0 10.1 0.0 0.000 0 0.21 0
132.7 0 0.0 1 31.7 0 0 10.1 0.0 0.000 0 0.21 0
133.7 0 0.0 1 31.8 0 0 10.1 0.0 0.000 0 0.21 0
134.7 0 0.0 1 31.9 0 0 10.1 0.0 0.000 0 0.21 0
135.7 0 0.0 1 32.0 0 0 10.1 0.0 0.000 0 0.21 0
136.7 0 0.0 1 32.1 0 0 10.1 0.0 0.000 0 0.21 0
137.7 0 0.0 1 32.2 0 0 10.1 0.0 0.000 0 0.21 0
138.7 0 0.0 1 32.3 0 0 10.1 0.0 0.000 0 0.22 0
139.7 0 0.0 1 32.4 0 0 10.1 0.0 0.000 0 0.22 0
140.7 0 0.0 1 32.5 0 0 10.1 0.0 0.000 0 0.22 0
141.7 0 0.0 1 32.6 0 0 10.1 0.0 0.000 0 0.22 0
142.7 0 0.0 1 32.7 0 0 10.1 0.0 0.000 0 0.22 0
143.7 0 0.0 1 32.8 0 0 10.1 0.0 0.000 0 0.22 0
144.7 0 0.0 1 32.9 0 0 10.1 0.0 0.000 0 0.23 0
145.7 0 0.0 1 33.0 0 0 10.1 0.0 0.000 0 0.23 0
146.7 0 0.0 1 33.1 0 0 10.1 0.0 0.000 0 0.23 0
147.7 0 0.0 1 33.2 0 0 10.1 0.0 0.000 0 0.23 0
148.7 0 0.0 1 33.3 0 0 10.1 0.0 0.000 0 0.23 0
149.7 0 0.0 1 33.5 0 0 10.1 0.0 0.000 0 0.23 0
150.7 0 0.0 1 33.6 0 0 10.1 0.0 0.000 0 0.23 0
151.7 0 0.0 1 33.7 0 0 10.1 0.0 0.000 0 0.24 0
152.7 0 0.0 1 33.8 0 0 10.1 0.0 0.000 0 0.24 0
153.7 0 0.0 1 33.9 0 0 10.1 0.0 0.000 0 0.24 0
154.7 0 0.0 1 34.0 0 0 10.1 0.0 0.000 0 0.24 0
155.7 0 0.0 1 34.1 0 0 10.1 0.0 0.000 0 0.24 0
156.7 0 0.0 1 34.2 0 0 10.1 0.0 0.000 0 0.24 0
157.7 0 0.0 1 34.3 0 0 10.1 0.0 0.000 0 0.25 0
158.7 0 0.0 1 34.4 0 0 10.1 0.0 0.000 0 0.25 0
159.7 0 0.0 1 34.5 0 0 10.1 0.0 0.000 0 0.25 0
160.7 0 0.0 1 34.6 0 0 10.1 0.0 0.000 0 0.25 0
161.7 0 0.0 1 34.7 0 0 10.1 0.0 0.000 0 0.25 0
162.7 0 0.0 1 34.8 0 0 10.1 0.0 0.000 0 0.25 0
163.7 0 0.0 1 34.9 0 0 10.1 0.0 0.000 0 0.25 0
164.7 0 0.0 1 35.0 0 0 10.1 0.0 0.000 0 0.26 0
165.7 0 0.0 1 35.1 0 0 10.1 0.0 0.000 0 0.26 0
166.7 0 0.0 1 35.1 0 0 10.1 0.0 0.000 0 0.26 0
167.7 0 0.0 1 35.2 0 0 10.1 0.0 0.000 0 0.26 0
168.7 0 0.0 1 35.3 0 0 10.1 0.0 0.000 0 0.26 0
169.7 0 0.0 1 35.4 0 0 10.1 0.0 0.000 0 0.26 0
170.7 0 0.0 1 35.5 0 0 10.1 0.0 0.000 0 0.26 0
171.7 0 0.0 1 35.6 0 0 10.1 0.0 0.000 0 0.27 0
172.7 0 0.0 1 35.7 0 0 10.1 0.0 0.000 0 0.27 0
173.7 0 0.0 1 35.8 0 0 10.1 0.0 0.000 0 0.27 0
174.7 0 0.0 1 35.9 0 0 10.1 0.0 0.000 0 0.27 0
175.7 0 0.0 1 36.0 0 0 10.1 0.0 0.000 0 0.27 0
176.7 0 0.0 1 36.1 0 0 10.1 0.0 0.000 0 0.27 0
177.7 0 0.0 1 36.2 0 0 10.1 0.0 0.000 0 0.28 0
178.7 0 0.0 1 36.3 0 0 10.1 0.0 0.000 0 0.28 0
179.7 0 0.0 1 36.4 0 0 10.1 0.0 0.000 0 0.28 0
180.7 0 0.0 1 36.5 0 0 10.1 0.0 0.000 0 0.28 0
181.7 0 0.0 1 36.6 0 0 10.1 0.0 0.000 0 0.28 0
182.7 0 0.0 1 36.7 0 0 10.1 0.0 0.000 0 0.28 0
183.7 0 0.0 1 36.8 0 0 10.1 0.0 0.000 0 0.28 0
184.7 0 0.0 1 36.9 0 0 10.1 0.0 0.000 0 0.29 0
185.7 0 0.0 1 37.0 0 0 10.1 0.0 0.000 0 0.29 0
186.7 0 0.0 1 37.1 0 0 10.1 0.0 0.000 0 0.29 0
187.7 0 0.0 1 37.2 0 0 10.1 0.0 0.000 0 0.29 0
188.7 0 0.0 1 37.3 0 0 10.1 0.0 0.000 0 0.29 0
189.7 0 0.0 1 37.4 0 0 10.1 0.0 0.000 0 0.29 0
190.7 0 0.0 1 37.5 0 0 10.1 0.0 0.000 0 0.29 0
191.7 0 0.0 1 37.6 0 0 10.1 0.0 0.000 0 0.30 0
192.7 0 0.0 1 37.7 0 0 10.1 0.0 0.000 0 0.30 0
193.7 0 0.0 1 37.8 0 0 10.1 0.0 0.000 0 0.30 0
194.7 0 0.0 1 37.9 0 0 10.1 0.0 0.000 0 0.30 0
195.7 0 0.0 1 38.0 0 0 10.1 0.0 0.000 0 0.30 0
196.7 0 0.0 1 38.1 0 0 10.1 0.0 0.000 0 0.30 0
197.7 0 0.0 1 38.2 0 0 10.1 0.0 0.000 0 0.30 0
198.7 0 0.0 1 38.3 0 0 10.1 0.0 0.000 0 0.31 0
199.7 0 0.0 1 38.4 0 0 10.1 0.0 0.000 0 0.31 0
200.7 0 0.0 1 38.4 0 0 10.1 0.0 0.000 0 0.31 0
201.7 0 0.0 1 38.5 0 0 10.1 0.0 0.000 0 0.31 0
202.7 0 0.0 1 38.6 0 0 10.1 0.0 0.000 0 0.31 0
203.7 0 0.0 1 38.7 0 0 10.1 0.0 0.000 0 0.31 0
204.7 0 0.0 1 38.8 0 0 10.1 0.0 0.000 0 0.31 0
205.7 0 0.0 1 38.9 0 0 10.1 0.0 0.000 0 0.32 0
206.7 0 0.0 1 39.0 0 0 10.1 0.0 0.000 0 0.32 0
207.7 0 0.0 1 39.1 0 0 10.1 0.0 0.000 0 0.32 0
208.7 0 0.0 1 39.2 0 0 10.1 0.0 0.000 0 0.32 0
209.7 0 0.0 1 39.3 0 0 10.1 0.0 0.000 0 0.32 0
210.7 0 0.0 1 39.4 0 0 10.1 0.0 0.000 0 0.32 0
211.7 0 0.0 1 39.5 0 0 10.1 0.0 0.000 0 0.32 0
212.7 0 0.0 1 39.6 0 0 10.1 0.0 0.000 0 0.33 0
213.7 0 0.0 1 39.7 0 0 10.1 0.0 0.000 0 0.33 0
214.7 0 0.0 1 39.8 0 0 10.1 0.0 0.000 0 0.33 0
215.7 0 0.0 1 39.9 0 0 10.1 0.0 0.000 0 0.33 0
216.7 0 0.0 1 40.0 0 0 10.1 0.0 0.000 0 0.33 0
217.7 0 0.0 1 40.0 0 0 10.1 0.0 0.000 0 0.33 0
218.7 0 0.0 1 40.1 0 0 10.1 0.0 0.000 0 0.33 0
219.7 0 0.0 1 40.2 0 0 10.1 0.0 0.000 0 0.34 0
220.7 0 0.0 1 40.3 0 0 10.1 0.0 0.000 0 0.34 0
221.7 0 0.0 1 40.4 0 0 10.1 0.0 0.000 0 0.34 0
222.7 0 0.0 1 40.5 0 0 10.1 0.0 0.000 0 0.34 0
223.7 0 0.0 1 40.6 0 0 10.1 0.0 0.000 0 0.34 0
224.7 0 0.0 1 40.7 0 0 10.1 0.0 0.000 0 0.34 0
225.7 0 0.0 1 40.8 0 0 10.1 0.0 0.000 0 0.34 0
226.7 0 0.0 1 40.9 0 0 10.1 0.0 0.000 0 0.35 0
227.7 0 0.0 1 41.0 0 0 10.1 0.0 0.000 0 0.35 0
228.7 0 0.0 1 41.1 0 0 10.1 0.0 0.000 0 0.35 0
229.7 0 0.0 1 41.2 0 0 10.1 0.0 0.000 0 0.35 0
230.7 0 0.0 1 41.3 0 0 10.1 0.0 0.000 0 0.35 0
231.7 0 0.0 1 41.3 0 0 10.1 0.0 0.000 0 0.35 0
232.7 0 0.0 1 41.4 0 0 10.1 0.0 0.000 0 0.35 0
233.7 0 0.0 1 41.5 0 0 10.1 0.0 0.000 0 0.36 0
234.7 0 0.0 1 41.6 0 0 10.1 0.0 0.000 0 0.36 0
235.7 0 0.0 1 41.7 0 0 10.1 0.0 0.000 0 0.36 0
236.7 0 0.0 1 41.8 0 0 10.1 0.0 0.000 0 0.36 0
237.7 0 0.0 1 41.9 0 0 10.1 0.0 0.000 0 0.36 0
238.7 0 0.0 1 42.0 0 0 10.1 0.0 0.000 0 0.36 0
239.7 0 0.0 1 42.1 0 0 10.1 0.0 0.000 0 0.36 0
240.7 0 0.0 1 42.2 0 0 10.1 0.0 0.000 0 0.36 0
241.7 0 0.0 1 42.3 0 0 10.1 0.0 0.000 0 0.37 0
242.7 0 0.0 1 42.3 0 0 10.1 0.0 0.000 0 0.37 0
243.7 0 0.0 1 42.4 0 0 10.1 0.0 0.000 0 0.37 0
244.7 0 0.0 1 42.5 0 0 10.1 0.0 0.000 0 0.37 0
245.7 0 0.0 1 42.6 0 0 10.1 0.0 0.000 0 0.37 0
246.7 0 0.0 1 42.7 0 0 10.1 0.0 0.000 0 0.37 0
247.7 0 0.0 1 42.8 0 0 10.1 0.0 0.000 0 0.37 0
248.7 0 0.0 1 42.9 0 0 10.1 0.0 0.000 0 0.38 0
249.7 0 0.0 1 43.0 0 0 10.1 0.0 0.000 0 0.38 0
250.7 0 0.0 1 43.1 0 0 10.1 0.0 0.000 0 0.38 0
251.7 0 0.0 1 43.2 0 0 10.1 0.0 0.000 0 0.38 0
252.7 0 0.0 1 43.2 0 0 10.1 0.0 0.000 0 0.38 0
253.7 0 0.0 1 43.3 0 0 10.1 0.0 0.000 0 0.38 0
254.7 0 0.0 1 43.4 0 0 10.1 0.0 0.000 0 0.38 0
255.7 0 0.0 1 43.5 0 0 10.1 0.0 0.000 0 0.39 0
256.7 0 0.0 1 43.6 0 0 10.1 0.0 0.000 0 0.39 0
257.7 0 0.0 1 43.7 0 0 10.1 0.0 0.000 0 0.39 0
258.7 0 0.0 1 43.8 0 0 10.1 0.0 0.000 0 0.39 0
259.7 0 0.0 1 43.9 0 0 10.1 0.0 0.000 0 0.39 0
260.7 0 0.0 1 44.0 0 0 10.1 0.0 0.000 0 0.39 0
261.7 0 0.0 1 44.0 0 0 10.1 0.0 0.000 0 0.39 0
262.7 0 0.0 1 44.1 0 0 10.1 0.0 0.000 0 0.39 0
263.7 0 0.0 1 44.2 0 0 10.1 0.0 0.000 0 0.40 0
264.7 0 0.0 1 44.3 0 0 10.1 0.0 0.000 0 0.40 0
265.7 0 0.0 1 44.4 0 0 10.1 0.0 0.000 0 0.40 0
266.7 0 0.0 1 44.5 0 0 10.1 0.0 0.000 0 0.40 0
267.7 0 0.0 1 44.6 0 0 10.1 0.0 0.000 0 0.40 0
268.7 0 0.0 1 44.7 0 0 10.1 0.0 0.000 0 0.40 0
269.7 0 0.0 1 44.8 0 0 10.1 0.0 0.000 0 0.40 0
270.7 0 0.0 1 44.8 0 0 10.1 0.0 0.000 0 0.41 0
271.7 0 0.0 1 44.9 0 0 10.1 0.0 0.000 0 0.41 0
272.7 0 0.0 1 45.0 0 0 10.1 0.0 0.000 0 0.41 0
273.7 0 0.0 1 45.1 0 0 10.1 0.0 0.000 0 0.41 0
274.7 0 0.0 1 45.2 0 0 10.1 0.0 0.000 0 0.41 0
275.7 0 0.0 1 45.3 0 0 10.1 0.0 0.000 0 0.41 0
276.7 0 0.0 1 45.4 0 0 10.1 0.0 0.000 0 0.41 0
277.7 0 0.0 1 45.4 0 0 10.1 0.0 0.000 0 0.41 0
278.7 0 0.0 1 45.5 0 0 10.1 0.0 0.000 0 0.42 0
279.7 0 0.0 1 45.6 0 0 10.1 0.0 0.000 0 0.42 0
280.7 0 0.0 1 45.7 0 0 10.1 0.0 0.000 0 0.42 0
281.7 0 0.0 1 45.8 0 0 10.1 0.0 0.000 0 0.42 0
282.7 0 0.0 1 45.9 0 0 10.1 0.0 0.000 0 0.42 0
283.7 0 0.0 1 46.0 0 0 10.1 0.0 0.000 0 0.42 0
284.7 0 0.0 1 46.1 0 0 10.1 0.0 0.000 0 0.42 0
285.7 0 0.0 1 46.1 0 0 10.1 0.0 0.000 0 0.42 0
286.7 0 0.0 1 46.2 0 0 10.1 0.0 0.000 0 0.43 0
287.7 0 0.0 1 46.3 0 0 10.1 0.0 0.000 0 0.43 0
288.7 0 0.0 1 46.4 0 0 10.1 0.0 0.000 0 0.43 0
289.7 0 0.0 1 46.5 0 0 10.1 0.0 0.000 0 0.43 0
290.7 0 0.0 1 46.6 0 0 10.1 0.0 0.000 0 0.43 0
291.7 0 0.0 1 46.7 0 0 10.1 0.0 0.000 0 0.43 0
292.7 0 0.0 1 46.7 0 0 10.1 0.0 0.000 0 0.43 0
293.7 0 0.0 1 46.8 0 0 10.1 0.0 0.000 0 0.44 0
294.7 0 0.0 1 46.9 0 0 10.1 0.0 0.000 0 0.44 0
295.7 0 0.0 1 47.0 0 0 10.1 0.0 0.000 0 0.44 0
296.7 0 0.0 1 47.1 0 0 10.1 0.0 0.000 0 0.44 0
297.7 0 0.0 1 47.2 0 0 10.1 0.0 0.000 0 0.44 0
298.7 0 0.0 1 47.3 0 0 10.1 0.0 0.000 0 0.44 0
299.7 0 0.0 1 47.3 0 0 10.1 0.0 0.000 0 0.44 0
300.7 0 0.0 1 47.4 0 0 10.1 0.0 0.000 0 0.44 0
301.7 0 0.0 1 47.5 0 0 10.1 0.0 0.000 0 0.45 0
302.7 0 0.0 1 47.6 0 0 10.1 0.0 0.000 0 0.45 0
303.7 0 0.0 1 47.7 0 0 10.1 0.0 0.000 0 0.45 0
304.7 0 0.0 1 47.8 0 0 10.1 0.0 0.000 0 0.45 0
305.7 0 0.0 1 47.8 0 0 10.1 0.0 0.000 0 0.45 0
306.7 0 0.0 1 47.9 0 0 10.1 0.0 0.000 0 0.45 0
307.7 0 0.0 1 48.0 0 0 10.1 0.0 0.000 0 0.45 0
308.7 0 0.0 1 48.1 0 0 10.1 0.0 0.000 0 0.45 0
309.7 0 0.0 1 48.2 0 0 10.1 0.0 0.000 0 0.46 0
310.7 0 0.0 1 48.3 0 0 10.1 0.0 0.000 0 0.46 0
311.7 0 0.0 1 48.3 0 0 10.1 0.0 0.000 0 0.46 0
312.7 0 0.0 1 48.4 0 0 10.1 0.0 0.000 0 0.46 0
313.7 0 0.0 1 48.5 0 0 10.1 0.0 0.000 0 0.46 0
314.7 0 0.0 1 48.6 0 0 10.1 0.0 0.000 0 0.46 0
315.7 0 0.0 1 48.7 0 0 10.1 0.0 0.000 0 0.46 0
316.7 0 0.0 1 48.8 0 0 10.1 0.0 0.000 0 0.46 0
317.7 0 0.0 1 48.8 0 0 10.1 0.0 0.000 0 0.47 0
318.7 0 0.0 1 48.9 0 0 10.1 0.0 0.000 0 0.47 0
319.7 0 0.0 1 49.0 0 0 10.1 0.0 0.000 0 0.47 0
320.7 0 0.0 1 49.1 0 0 10.1 0.0 0.000 0 0.47 0
321.7 0 0.0 1 49.2 0 0 10.1 0.0 0.000 0 0.47 0
322.7 0 0.0 1 49.3 0 0 10.1 0.0 0.000 0 0.47 0
323.7 0 0.0 1 49.3 0 0 10.1 0.0 0.000 0 0.47 0
324.7 0 0.0 1 49.4 0 0 10.1 0.0 0.000 0 0.47 0
325.7 0 0.0 1 49.5 0 0 10.1 0.0 0.000 0 0.48 0
326.7 0 0.0 1 49.6 0 0 10.1 0.0 0.000 0 0.48 0
327.7 0 0.0 1 49.7 0 0 10.1 0.0 0.000 0 0.48 0
328.7 0 0.0 1 49.8 0 0 10.1 0.0 0.000 0 0.48 0
329.7 0 0.0 1 49.8 0 0 10.1 0.0 0.000 0 0.48 0
330.7 0 0.0 1 49.9 0 0 10.1 0.0 0.000 0 0.48 0
331.7 0 0.0 1 50.0 0 0 10.1 0.0 0.000 0 0.48 0
332.7 0 0.0 1 50.1 0 0 10.1 0.0 0.000 0 0.48 0
333.7 0 0.0 1 50.2 0 0 10.1 0.0 0.000 0 0.49 0
334.7 0 0.0 1 50.2 0 0 10.1 0.0 0.000 0 0.49 0
335.7 0 0.0 1 50.3 0 0 10.1 0.0 0.000 0 0.49 0
336.7 0 0.0 1 50.4 0 0 10.1 0.0 0.000 0 0.49 0
337.7 0 0.0 1 50.5 0 0 10.1 0.0 0.000 0 0.49 0
338.7 0 0.0 1 50.6 0 0 10.1 0.0 0.000 0 0.49 0
339.7 0 0.0 1 50.6 0 0 10.1 0.0 0.000 0 0.49 0
340.7 0 0.0 1 50.7 0 0 10.1 0.0 0.000 0 0.49 0
341.7 0 0.0 1 50.8 0 0 10.1 0.0 0.000 0 0.50 0
342.7 0 0.0 1 50.9 0 0 10.1 0.0 0.000 0 0.50 0
343.7 0 0.0 1 51.0 0 0 10.1 0.0 0.000 0 0.50 0
344.7 0 0.0 1 51.0 0 0 10.1 0.0 0.000 0 0.50 0
345.7 0 0.0 1 51.1 0 0 10.1 0.0 0.000 0 0.50 0
346.7 0 0.0 1 51.2 0 0 10.1 0.0 0.000 0 0.50 0
347.7 0 0.0 1 51.3 0 0 10.1 0.0 0.000 0 0.50 0
348.7 0 0.0 1 51.4 0 0 10.1 0.0 0.000 0 0.50 0
349.7 0 0.0 1 51.4 0 0 10.1 0.0 0.000 0 0.50 0
350.7 0 0.0 1 51.5 0 0 10.1 0.0 0.000 0 0.51 0
351.7 0 0.0 1 51.6 0 0 10.1 0.0 0.000 0 0.51 0
352.7 0 0.0 1 51.7 0 0 10.1 0.0 0.000 0 0.51 0
353.7 0 0.0 1 51.8 0 0 10.1 0.0 0.000 0 0.51 0
354.7 0 0.0 1 51.8 0 0 10.1 0.0 0.000 0 0.51 0
355.7 0 0.0 1 51.9 0 0 10.1 0.0 0.000 0 0.51 0
356.7 0 0.0 1 52.0 0 0 10.1 0.0 0.000 0 0.51 0
357.7 0 0.0 1 52.1 0 0 10.1 0.0 0.000 0 0.51 0
358.7 0 0.0 1 52.2 0 0 10.1 0.0 0.000 0 0.52 0
359.7 0 0.0 1 52.2 0 0 10.1 0.0 0.000 0 0.52 0
360.7 0 0.0 1 52.3 0 0 10.1 0.0 0.000 0 0.52 0
361.7 0 0.0 1 52.4 0 0 10.1 0.0 0.000 0 0.52 0
362.7 0 0.0 1 52.5 0 0 10.1 0.0 0.000 0 0.52 0
363.7 0 0.0 1 52.6 0 0 10.1 0.0 0.000 0 0.52 0
364.7 0 0.0 1 52.6 0 0 10.1 0.0 0.000 0 0.52 0
365.7 0 0.0 1 52.7 0 0 10.1 0.0 0.000 0 0.52 0
366.7 0 0.0 1 52.8 0 0 10.1 0.0 0.000 0 0.53 0
367.7 0 0.0 1 52.9 0 0 10.1 0.0 0.000 0 0.53 0
368.7 0 0.0 1 53.0 0 0 10.1 0.0 0.000 0 0.53 0
369.7 0 0.0 1 53.0 0 0 10.1 0.0 0.000 0 0.53 0
370.7 0 0.0 1 53.1 0 0 10.1 0.0 0.000 0 0.53 0
371.7 0 0.0 1 53.2 0 0 10.1 0.0 0.000 0 0.53 0
372.7 0 0.0 1 53.3 0 0 10.1 0.0 0.000 0 0.53 0
373.7 0 0.0 1 53.3 0 0 10.1 0.0 0.000 0 0.53 0
374.7 0 0.0 1 53.4 0 0 10.1 0.0 0.000 0 0.53 0
375.7 0 0.0 1 53.5 0 0 10.1 0.0 0.000 0 0.54 0
376.7 0 0.0 1 53.6 0 0 10.1 0.0 0.000 0 0.54 0
377.7 0 0.0 1 53.7 0 0 10.1 0.0 0.000 0 0.54 0
378.7 0 0.0 1 53.7 0 0 10.1 0.0 0.000 0 0.54 0
379.7 0 0.0 1 53.8 0 0 10.1 0.0 0.000 0 0.54 0
380.7 0 0.0 1 53.9 0 0 10.1 0.0 0.000 0 0.54 0
381.7 0 0.0 1 54.0 0 0 10.1 0.0 0.000 0 0.54 0
382.7 0 0.0 1 54.0 0 0 10.1 0.0 0.000 0 0.54 0
383.7 0 0.0 1 54.1 0 0 10.1 0.0 0.000 0 0.55 0
384.7 0 0.0 1 54.2 0 0 10.1 0.0 0.000 0 0.55 0
385.7 0 0.0 1 54.3 0 0 10.1 0.0 0.000 0 0.55 0
386.7 0 0.0 1 54.3 0 0 10.1 0.0 0.000 0 0.55 0
387.7 0 0.0 1 54.4 0 0 10.1 0.0 0.000 0 0.55 0
388.7 0 0.0 1 54.5 0 0 10.1 0.0 0.000 0 0.55 0
389.7 0 0.0 1 54.6 0 0 10.1 0.0 0.000 0 0.55 0
390.7 0 0.0 1 54.6 0 0 10.1 0.0 0.000 0 0.55 0
391.7 0 0.0 1 54.7 0 0 10.1 0.0 0.000 0 0.55 0
392.7 0 0.0 1 54.8 0 0 10.1 0.0 0.000 0 0.56 0
393.7 0 0.0 1 54.9 0 0 10.1 0.0 0.000 0 0.56 0
394.7 0 0.0 1 55.0 0 0 10.1 0.0 0.000 0 0.56 0
395.7 0 0.0 1 55.0 0 0 10.1 0.0 0.000 0 0.56 0
396.7 0 0.0 1 55.1 0 0 10.1 0.0 0.000 0 0.56 0
397.7 0 0.0 1 55.2 0 0 10.1 0.0 0.000 0 0.56 0
398.7 0 0.0 1 55.3 0 0 10.1 0.0 0.000 0 0.56 0
399.7 0 0.0 1 55.3 0 0 10.1 0.0 0.000 0 0.56 0
400.7 0 0.0 1 55.4 0 0 10.1 0.0 0.000 0 0.56 0
401.7 0 0.0 1 55.5 0 0 10.1 0.0 0.000 0 0.57 0
402.7 0 0.0 1 55.6 0 0 10.1 0.0 0.000 0 0.57 0
403.7 0 0.0 1 55.6 0 0 10.1 0.0 0.000 0 0.57 0
404.7 0 0.0 1 55.7 0 0 10.1 0.0 0.000 0 0.57 0
405.7 0 0.0 1 55.8 0 0 10.1 0.0 0.000 0 0.57 0
406.7 0 0.0 1 55.9 0 0 10.1 0.0 0.000 0 0.57 0
407.7 0 0.0 1 55.9 0 0 10.1 0.0 0.000 0 0.57 0
408.7 0 0.0 1 56.0 0 0 10.1 0.0 0.000 0 0.57 0
409.7 0 0.0 1 56.1 0 0 10.1 0.0 0.000 0 0.57 0
410.7 0 0.0 1 56.2 0 0 10.1 0.0 0.000 0 0.58 0
411.7 0 0.0 1 56.2 0 0 10.1 0.0 0.000 0 0.58 0
412.7 0 0.0 1 56.3 0 0 10.1 0.0 0.000 0 0.58 0
413.7 0 0.0 1 56.4 0 0 10.1 0.0 0.000 0 0.58 0
414.7 0 0.0 1 56.5 0 0 10.1 0.0 0.000 0 0.58 0
415.7 0 0.0 1 56.5 0 0 10.1 0.0 0.000 0 0.58 0
416.7 0 0.0 1 56.6 0 0 10.1 0.0 0.000 0 0.58 0
417.7 0 0.0 1 56.7 0 0 10.1 0.0 0.000 0 0.58 0
418.7 0 0.0 1 56.7 0 0 10.1 0.0 0.000 0 0.58 0
419.7 0 0.0 1 56.8 0 0 10.1 0.0 0.000 0 0.59 0
420.7 0 0.0 1 56.9 0 0 10.1 0.0 0.000 0 0.59 0
421.7 0 0.0 1 57.0 0 0 10.1 0.0 0.000 0 0.59 0
422.7 0 0.0 1 57.0 0 0 10.1 0.0 0.000 0 0.59 0
423.7 0 0.0 1 57.1 0 0 10.1 0.0 0.000 0 0.59 0
424.7 0 0.0 1 57.2 0 0 10.1 0.0 0.000 0 0.59 0
425.7 0 0.0 1 57.3 0 0 10.1 0.0 0.000 0 0.59 0
426.7 0 0.0 1 57.3 0 0 10.1 0.0 0.000 0 0.59 0
427.7 0 0.0 1 57.4 0 0 10.1 0.0 0.000 0 0.59 0
428.7 0 0.0 1 57.5 0 0 10.1 0.0 0.000 0 0.60 0
429.7 0 0.0 1 57.6 0 0 10.1 0.0 0.000 0 0.60 0
430.7 0 0.0 1 57.6 0 0 10.1 0.0 0.000 0 0.60 0
431.7 0 0.0 1 57.7 0 0 10.1 0.0 0.000 0 0.60 0
432.7 0 0.0 1 57.8 0 0 10.1 0.0 0.000 0 0.60 0
433.7 0 0.0 1 57.8 0 0 10.1 0.0 0.000 0 0.60 0
434.7 0 0.0 1 57.9 0 0 10.1 0.0 0.000 0 0.60 0
435.7 0 0.0 1 58.0 0 0 10.1 0.0 0.000 0 0.60 0
436.7 0 0.0 1 58.1 0 0 10.1 0.0 0.000 0 0.60 0
437.7 0 0.0 1 58.1 0 0 10.1 0.0 0.000 0 0.61 0
438.7 0 0.0 1 58.2 0 0 10.1 0.0 0.000 0 0.61 0
439.7 0 0.0 1 58.3 0 0 10.1 0.0 0.000 0 0.61 0
440.7 0 0.0 1 58.3 0 0 10.1 0.0 0.000 0 0.61 0
441.7 0 0.0 1 58.4 0 0 10.1 0.0 0.000 0 0.61 0
442.7 0 0.0 1 58.5 0 0 10.1 0.0 0.000 0 0.61 0
443.7 0 0.0 1 58.6 0 0 10.1 0.0 0.000 0 0.61 0
444.7 0 0.0 1 58.6 0 0 10.1 0.0 0.000 0 0.61 0
445.7 0 0.0 1 58.7 0 0 10.1 0.0 0.000 0 0.61 0
446.7 0 0.0 1 58.8 0 0 10.1 0.0 0.000 0 0.62 0
447.7 0 0.0 1 58.8 0 0 10.1 0.0 0.000 0 0.62 0
448.7 0 0.0 1 58.9 0 0 10.1 0.0 0.000 0 0.62 0
449.7 0 0.0 1 59.0 0 0 10.1 0.0 0.000 0 0.62 0
450.7 0 0.0 1 59.1 0 0 10.1 0.0 0.000 0 0.62 0
451.7 0 0.0 1 59.1 0 0 10.1 0.0 0.000 0 0.62 0
452.7 0 0.0 1 59.2 0 0 10.1 0.0 0.000 0 0.62 0
453.7 0 0.0 1 59.3 0 0 10.1 0.0 0.000 0 0.62 0
454.7 0 0.0 1 59.3 0 0 10.1 0.0 0.000 0 0.62 0
455.7 0 0.0 1 59.4 0 0 10.1 0.0 0.000 0 0.63 0
456.7 0 0.0 1 59.5 0 0 10.1 0.0 0.000 0 0.63 0
457.7 0 0.0 1 59.6 0 0 10.1 0.0 0.000 0 0.63 0
458.7 0 0.0 1 59.6 0 0 10.1 0.0 0.000 0 0.63 0
459.7 0 0.0 1 59.7 0 0 10.1 0.0 0.000 0 0.63 0
460.7 0 0.0 1 59.8 0 0 10.1 0.0 0.000 0 0.63 0
461.7 0 0.0 1 59.8 0 0 10.1 0.0 0.000 0 0.63 0
462.7 0 0.0 1 59.9 0 0 10.1 0.0 0.000 0 0.63 0
463.7 0 0.0 1 60.0 0 0 10.1 0.0 0.000 0 0.63 0
464.7 0 0.0 1 60.0 0 0 10.1 0.0 0.000 0 0.63 0
465.7 0 0.0 1 60.1 0 0 10.1 0.0 0.000 0 0.64 0
466.7 0 0.0 1 60.2 0 0 10.1 0.0 0.000 0 0.64 0
467.7 0 0.0 1 60.3 0 0 10.1 0.0 0.000 0 0.64 0
468.7 0 0.0 1 60.3 0 0 10.1 0.0 0.000 0 0.64 0
469.7 0 0.0 1 60.4 0 0 10.1 0.0 0.000 0 0.64 0
470.7 0 0.0 1 60.5 0 0 10.1 0.0 0.000 0 0.64 0
471.7 0 0.0 1 60.5 0 0 10.1 0.0 0.000 0 0.64 0
472.7 0 0.0 1 60.6 0 0 10.1 0.0 0.000 0 0.64 0
473.7 0 0.0 1 60.7 0 0 10.1 0.0 0.000 0 0.64 0
474.7 0 0.0 1 60.7 0 0 10.1 0.0 0.000 0 0.65 0
475.7 0 0.0 1 60.8 0 0 10.1 0.0 0.000 0 0.65 0
476.7 0 0.0 1 60.9 0 0 10.1 0.0 0.000 0 0.65 0
477.7 0 0.0 1 60.9 0 0 10.1 0.0 0.000 0 0.65 0
478.7 0 0.0 0 61.0 0 0 10.1 0.0 0.000 0 0.65 0
479.7 0 0.0 0 61.0 0 0 10.1 0.0 0.000 0 0.65 0
480.7 0 0.0 0 60.9 0 0 10.1 0.0 0.000 0 0.65 0
481.7 0 0.0 0 60.9 0 0 10.1 0.0 0.000 0 0.65 0
482.7 0 0.0 0 60.9 0 0 10.1 0.0 0.000 0 0.65 0
483.7 0 0.0 0 60.9 0 0 10.1 0.0 0.000 0 0.65 0
484.7 0 0.0 0 60.9 0 0 10.1 0.0 0.000 0 0.65 0
485.7 0 0.0 0 60.9 0 0 10.1 0.0 0.000 0 0.65 0
486.7 0 0.0 0 60.8 0 0 10.1 0.0 0.000 0 0.65 0
487.7 0 0.0 0 60.8 0 0 10.1 0.0 0.000 0 0.65 0
488.7 0 0.0 0 60.8 0 0 10.1 0.0 0.000 0 0.65 0
489.7 0 0.0 0 60.8 0 0 10.1 0.0 0.000 0 0.65 0
490.7 0 0.0 0 60.8 0 0 10.1 0.0 0.000 0 0.65 0
491.7 0 0.0 0 60.7 0 0 10.1 0.0 0.000 0 0.65 0
492.7 0 0.0 0 60.7 0 0 10.1 0.0 0.000 0 0.65 0
493.7 0 0.0 0 60.7 0 0 10.1 0.0 0.000 0 0.65 0
494.7 0 0.0 0 60.7 0 0 10.1 0.0 0.000 0 0.65 0
495.7 0 0.0 0 60.7 0 0 10.1 0.0 0.000 0 0.65 0
496.7 0 0.0 0 60.6 0 0 10.1 0.0 0.000 0 0.65 0
497.7 0 0.0 0 60.6 0 0 10.1 0.0 0.000 0 0.65 0
498.7 0 0.0 0 60.6 0 0 10.1 0.0 0.000 0 0.65 0
499.7 0 0.0 0 60.6 0 0 10.1 0.0 0.000 0 0.65 0
500.7 0 0.0 0 60.6 0 0 10.1 0.0 0.000 0 0.65 0
501.7 0 0.0 0 60.6 0 0 10.1 0.0 0.000 0 0.65 0
502.7 0 0.0 0 60.5 0 0 10.1 0.0 0.000 0 0.65 0
503.7 0 0.0 0 60.5 0 0 10.1 0.0 0.000 0 0.65 0
504.7 0 0.0 0 60.5 0 0 10.1 0.0 0.000 0 0.65 0
505.7 0 0.0 0 60.5 0 0 10.1 0.0 0.000 0 0.65 0
506.7 0 0.0 0 60.5 0 0 10.1 0.0 0.000 0 0.65 0
507.7 0 0.0 0 60.4 0 0 10.1 0.0 0.000 0 0.65 0
508.7 0 0.0 0 60.4 0 0 10.1 0.0 0.000 0 0.65 0
509.7 0 0.0 0 60.4 0 0 10.1 0.0 0.000 0 0.65 0
510.7 0 0.0 0 60.4 0 0 10.1 0.0 0.000 0 0.65 0
511.7 0 0.0 0 60.4 0 0 10.1 0.0 0.000 0 0.65 0
512.7 0 0.0 0 60.3 0 0 10.1 0.0 0.000 0 0.65 0
513.7 0 0.0 0 60.3 0 0 10.1 0.0 0.000 0 0.65 0
514.7 0 0.0 0 60.3 0 0 10.1 0.0 0.000 0 0.65 0
515.7 0 0.0 0 60.3 0 0 10.1 0.0 0.000 0 0.65 0
516.7 0 0.0 0 60.3 0 0 10.1 0.0 0.000 0 0.65 0
517.7 0 0.0 0 60.3 0 0 10.1 0.0 0.000 0 0.65 0
518.7 0 0.0 0 60.2 0 0 10.1 0.0 0.000 0 0.65 0
519.7 0 0.0 0 60.2 0 0 10.1 0.0 0.000 0 0.65 0
520.7 0 0.0 0 60.2 0 0 10.1 0.0 0.000 0 0.65 0
521.7 0 0.0 0 60.2 0 0 10.1 0.0 0.000 0 0.65 0
522.7 0 0.0 0 60.2 0 0 10.1 0.0 0.000 0 0.65 0
523.7 0 0.0 0 60.1 0 0 10.1 0.0 0.000 0 0.65 0
524.7 0 0.0 0 60.1 0 0 10.1 0.0 0.000 0 0.65 0
525.7 0 0.0 0 60.1 0 0 10.1 0.0 0.000 0 0.65 0
526.7 0 0.0 0 60.1 0 0 10.1 0.0 0.000 0 0.65 0
527.7 0 0.0 0 60.1 0 0 10.1 0.0 0.000 0 0.65 0
528.7 0 0.0 0 60.0 0 0 10.1 0.0 0.000 0 0.65 0
529.7 0 0.0 0 60.0 0 0 10.1 0.0 0.000 0 0.65 0
530.7 0 0.0 0 60.0 0 0 10.1 0.0 0.000 0 0.65 0
531.7 0 0.0 0 60.0 0 0 10.1 0.0 0.000 0 0.65 0
532.7 0 0.0 0 60.0 0 0 10.1 0.0 0.000 0 0.65 0
533.7 0 0.0 0 60.0 0 0 10.1 0.0 0.000 0 0.65 0
534.7 0 0.0 0 59.9 0 0 10.1 0.0 0.000 0 0.65 0
535.7 0 0.0 0 59.9 0 0 10.1 0.0 0.000 0 0.65 0
536.7 0 0.0 0 59.9 0 0 10.1 0.0 0.000 0 0.65 0
537.7 0 0.0 0 59.9 0 0 10.1 0.0 0.000 0 0.65 0
538.7 0 0.0 0 59.9 0 0 10.1 0.0 0.000 0 0.65 0
539.7 0 0.0 0 59.8 0 0 10.1 0.0 0.000 0 0.65 0
540.7 0 0.0 0 59.8 0 0 10.1 0.0 0.000 0 0.65 0
541.7 0 0.0 0 59.8 0 0 10.1 0.0 0.000 0 0.65 0
542.7 0 0.0 0 59.8 0 0 10.1 0.0 0.000 0 0.65 0
543.7 0 0.0 0 59.8 0 0 10.1 0.0 0.000 0 0.65 0
544.7 0 0.0 0 59.8 0 0 10.1 0.0 0.000 0 0.65 0
545.7 0 0.0 0 59.7 0 0 10.1 0.0 0.000 0 0.65 0
546.7 0 0.0 0 59.7 0 0 10.1 0.0 0.000 0 0.65 0
547.7 0 0.0 0 59.7 0 0 10.1 0.0 0.000 0 0.65 0
548.7 0 0.0 0 59.7 0 0 10.1 0.0 0.000 0 0.65 0
549.7 0 0.0 0 59.7 0 0 10.1 0.0 0.000 0 0.65 0
550.7 0 0.0 0 59.6 0 0 10.1 0.0 0.000 0 0.65 0
551.7 0 0.0 0 59.6 0 0 10.1 0.0 0.000 0 0.65 0
552.7 0 0.0 0 59.6 0 0 10.1 0.0 0.000 0 0.65 0
553.7 0 0.0 0 59.6 0 0 10.1 0.0 0.000 0 0.65 0
554.7 0 0.0 0 59.6 0 0 10.1 0.0 0.000 0 0.65 0
555.7 0 0.0 0 59.6 0 0 10.1 0.0 0.000 0 0.65 0
556.7 0 0.0 0 59.5 0 0 10.1 0.0 0.000 0 0.65 0
557.7 0 0.0 0 59.5 0 0 10.1 0.0 0.000 0 0.65 0
558.7 0 0.0 0 59.5 0 0 10.1 0.0 0.000 0 0.65 0
559.7 0 0.0 0 59.5 0 0 10.1 0.0 0.000 0 0.65 0
560.7 0 0.0 0 59.5 0 0 10.1 0.0 0.000 0 0.65 0
561.7 0 0.0 0 59.4 0 0 10.1 0.0 0.000 0 0.65 0
562.7 0 0.0 0 59.4 0 0 10.1 0.0 0.000 0 0.65 0
563.7 0 0.0 0 59.4 0 0 10.1 0.0 0.000 0 0.65 0
564.7 0 0.0 0 59.4 0 0 10.1 0.0 0.000 0 0.65 0
565.7 0 0.0 0 59.4 0 0 10.1 0.0 0.000 0 0.65 0
566.7 0 0.0 0 59.4 0 0 10.1 0.0 0.000 0 0.65 0
567.7 0 0.0 0 59.3 0 0 10.1 0.0 0.000 0 0.65 0
568.7 0 0.0 0 59.3 0 0 10.1 0.0 0.000 0 0.65 0
569.7 0 0.0 0 59.3 0 0 10.1 0.0 0.000 0 0.65 0
570.7 0 0.0 0 59.3 0 0 10.1 0.0 0.000 0 0.65 0
571.7 0 0.0 0 59.3 0 0 10.1 0.0 0.000 0 0.65 0
572.7 0 0.0 0 59.2 0 0 10.1 0.0 0.000 0 0.65 0
573.7 0 0.0 0 59.2 0 0 10.1 0.0 0.000 0 0.65 0
574.7 0 0.0 0 59.2 0 0 10.1 0.0 0.000 0 0.65 0
575.7 0 0.0 0 59.2 0 0 10.1 0.0 0.000 0 0.65 0
576.7 0 0.0 0 59.2 0 0 10.1 0.0 0.000 0 0.65 0
577.7 0 0.0 0 59.2 0 0 10.1 0.0 0.000 0 0.65 0
578.7 0 0.0 0 59.1 0 0 10.1 0.0 0.000 0 0.65 0
579.7 0 0.0 0 59.1 0 0 10.1 0.0 0.000 0 0.65 0
580.7 0 0.0 0 59.1 0 0 10.1 0.0 0.000 0 0.65 0
581.7 0 0.0 0 59.1 0 0 10.1 0.0 0.000 0 0.65 0
582.7 0 0.0 0 59.1 0 0 10.1 0.0 0.000 0 0.65 0
583.7 0 0.0 0 59.0 0 0 10.1 0.0 0.000 0 0.65 0
584.7 0 0.0 0 59.0 0 0 10.1 0.0 0.000 0 0.65 0
585.7 0 0.0 1 59.1 0 0 10.1 0.0 0.000 0 0.65 0
586.7 0 0.0 1 59.2 0 0 10.1 0.0 0.000 0 0.65 0
587.7 0 0.0 1 59.2 0 0 10.1 0.0 0.000 0 0.65 0
588.7 0 0.0 1 59.3 0 0 10.1 0.0 0.000 0 0.65 0
589.7 0 0.0 1 59.4 0 0 10.1 0.0 0.000 0 0.65 0
590.7 0 0.0 1 59.4 0 0 10.1 0.0 0.000 0 0.66 0
591.7 0 0.0 1 59.5 0 0 10.1 0.0 0.000 0 0.66 0
592.7 0 0.0 1 59.6 0 0 10.1 0.0 0.000 0 0.66 0
593.7 0 0.0 1 59.7 0 0 10.1 0.0 0.000 0 0.66 0
594.7 0 0.0 1 59.7 0 0 10.1 0.0 0.000 0 0.66 0
595.7 0 0.0 1 59.8 0 0 10.1 0.0 0.000 0 0.66 0
596.7 0 0.0 1 59.9 0 0 10.1 0.0 0.000 0 0.66 0
597.7 0 0.0 1 59.9 0 0 10.1 0.0 0.000 0 0.66 0
598.7 0 0.0 1 60.0 0 0 10.1 0.0 0.000 0 0.66 0
599.7 0 0.0 1 60.1 0 0 10.1 0.0 0.000 0 0.66 0
600.7 0 0.0 1 60.1 0 0 10.1 0.0 0.000 0 0.67 0
601.7 0 0.0 1 60.2 0 0 10.1 0.0 0.000 0 0.67 0
602.7 0 0.0 1 60.3 0 0 10.1 0.0 0.000 0 0.67 0
603.7 0 0.0 1 60.4 0 0 10.1 0.0 0.000 0 0.67 0
604.7 0 0.0 1 60.4 0 0 10.1 0.0 0.000 0 0.67 0
605.7 0 0.0 1 60.5 0 0 10.1 0.0 0.000 0 0.67 0
606.7 0 0.0 1 60.6 0 0 10.1 0.0 0.000 0 0.67 0
607.7 0 0.0 1 60.6 0 0 10.1 0.0 0.000 0 0.67 0
608.7 0 0.0 1 60.7 0 0 10.1 0.0 0.000 0 0.67 0
609.7 0 0.0 1 60.8 0 0 10.1 0.0 0.000 0 0.68 0
610.7 0 0.0 1 60.8 0 0 10.1 0.0 0.000 0 0.68 0
611.7 0 0.0 1 60.9 0 0 10.1 0.0 0.000 0 0.68 0
612.7 0 0.0 1 61.0 0 0 10.1 0.0 0.000 0 0.68 0
613.7 0 0.0 1 61.0 0 0 10.1 0.0 0.000 0 0.68 0
614.7 0 0.0 1 61.1 0 0 10.1 0.0 0.000 0 0.68 0
615.7 0 0.0 1 61.2 0 0 10.1 0.0 0.000 0 0.68 0
616.7 0 0.0 1 61.3 0 0 10.1 0.0 0.000 0 0.68 0
617.7 0 0.0 1 61.3 0 0 10.1 0.0 0.000 0 0.68 0
618.7 0 0.0 1 61.4 0 0 10.1 0.0 0.000 0 0.68 0
619.7 0 0.0 1 61.5 0 0 10.1 0.0 0.000 0 0.69 0
620.7 0 0.0 1 61.5 0 0 10.1 0.0 0.000 0 0.69 0
621.7 0 0.0 1 61.6 0 0 10.1 0.0 0.000 0 0.69 0
622.7 0 0.0 1 61.7 0 0 10.1 0.0 0.000 0 0.69 0
623.7 0 0.0 1 61.7 0 0 10.1 0.0 0.000 0 0.69 0
624.7 0 0.0 1 61.8 0 0 10.1 0.0 0.000 0 0.69 0
625.7 0 0.0 1 61.9 0 0 10.1 0.0 0.000 0 0.69 0
626.7 0 0.0 1 61.9 0 0 10.1 0.0 0.000 0 0.69 0
627.7 0 0.0 1 62.0 0 0 10.1 0.0 0.000 0 0.69 0
628.7 0 0.0 1 62.1 0 0 10.1 0.0 0.000 0 0.69 0
629.7 0 0.0 0 62.1 0 0 10.1 0.0 0.000 0 0.70 0
630.7 0 0.0 0 62.1 0 0 10.1 0.0 0.000 0 0.70 0
631.7 0 0.0 0 62.1 0 0 10.1 0.0 0.000 0 0.70 0
632.7 0 0.0 0 62.0 0 0 10.1 0.0 0.000 0 0.70 0
633.7 0 0.0 0 62.0 0 0 10.1 0.0 0.000 0 0.70 0
634.7 0 0.0 0 62.0 0 0 10.1 0.0 0.000 0 0.70 0
635.7 0 0.0 0 62.0 0 0 10.1 0.0 0.000 0 0.70 0
636.7 0 0.0 0 62.0 0 0 10.1 0.0 0.000 0 0.70 0
637.7 0 0.0 0 62.0 0 0 10.1 0.0 0.000 0 0.70 0
638.7 0 0.0 0 61.9 0 0 10.1 0.0 0.000 0 0.70 0
639.7 0 0.0 0 61.9 0 0 10.1 0.0 0.000 0 0.70 0
640.7 0 0.0 0 61.9 0 0 10.1 0.0 0.000 0 0.70 0
641.7 0 0.0 0 61.9 0 0 10.1 0.0 0.000 0 0.70 0
642.7 0 0.0 0 61.9 0 0 10.1 0.0 0.000 0 0.70 0
643.7 0 0.0 0 61.8 0 0 10.1 0.0 0.000 0 0.70 0
644.7 0 0.0 0 61.8 0 0 10.1 0.0 0.000 0 0.70 0
645.7 0 0.0 0 61.8 0 0 10.1 0.0 0.000 0 0.70 0
646.7 0 0.0 0 61.8 0 0 10.1 0.0 0.000 0 0.70 0
647.7 0 0.0 0 61.8 0 0 10.1 0.0 0.000 0 0.70 0
648.7 0 0.0 0 61.7 0 0 10.1 0.0 0.000 0 0.70 0
649.7 0 0.0 0 61.7 0 0 10.1 0.0 0.000 0 0.70 0
650.7 0 0.0 0 61.7 0 0 10.1 0.0 0.000 0 0.70 0
651.7 0 0.0 0 61.7 0 0 10.1 0.0 0.000 0 0.70 0
652.7 0 0.0 0 61.7 0 0 10.1 0.0 0.000 0 0.70 0
653.7 0 0.0 0 61.6 0 0 10.1 0.0 0.000 0 0.70 0
654.7 0 0.0 0 61.6 0 0 10.1 0.0 0.000 0 0.70 0
655.7 0 0.0 0 61.6 0 0 10.1 0.0 0.000 0 0.70 0
656.7 0 0.0 0 61.6 0 0 10.1 0.0 0.000 0 0.70 0
657.7 0 0.0 0 61.6 0 0 10.1 0.0 0.000 0 0.70 0
658.7 0 0.0 0 61.5 0 0 10.1 0.0 0.000 0 0.70 0
659.7 0 0.0 0 61.5 0 0 10.1 0.0 0.000 0 0.70 0
660.7 0 0.0 0 61.5 0 0 10.1 0.0 0.000 0 0.70 0
661.7 0 0.0 0 61.5 0 0 10.1 0.0 0.000 0 0.70 0
662.7 0 0.0 0 61.5 0 0 10.1 0.0 0.000 0 0.70 0
663.7 0 0.0 0 61.5 0 0 10.1 0.0 0.000 0 0.70 0
664.7 0 0.0 0 61.4 0 0 10.1 0.0 0.000 0 0.70 0
665.7 0 0.0 0 61.4 0 0 10.1 0.0 0.000 0 0.70 0
666.7 0 0.0 0 61.4 0 0 10.1 0.0 0.000 0 0.70 0
667.7 0 0.0 0 61.4 0 0 10.1 0.0 0.000 0 0.70 0
668.7 0 0.0 0 61.4 0 0 10.1 0.0 0.000 0 0.70 0
669.7 0 0.0 0 61.3 0 0 10.1 0.0 0.000 0 0.70 0
670.7 0 0.0 0 61.3 0 0 10.1 0.0 0.000 0 0.70 0
671.7 0 0.0 0 61.3 0 0 10.1 0.0 0.000 0 0.70 0
672.7 0 0.0 0 61.3 0 0 10.1 0.0 0.000 0 0.70 0
673.7 0 0.0 0 61.3 0 0 10.1 0.0 0.000 0 0.70 0
674.7 0 0.0 0 61.2 0 0 10.1 0.0 0.000 0 0.70 0
675.7 0 0.0 0 61.2 0 0 10.1 0.0 0.000 0 0.70 0
676.7 0 0.0 0 61.2 0 0 10.1 0.0 0.000 0 0.70 0
677.7 0 0.0 0 61.2 0 0 10.1 0.0 0.000 0 0.70 0
678.7 0 0.0 0 61.2 0 0 10.1 0.0 0.000 0 0.70 0
679.7 0 0.0 0 61.1 0 0 10.1 0.0 0.000 0 0.70 0
680.7 0 0.0 0 61.1 0 0 10.1 0.0 0.000 0 0.70 0
681.7 0 0.0 0 61.1 0 0 10.1 0.0 0.000 0 0.70 0
682.7 0 0.0 0 61.1 0 0 10.1 0.0 0.000 0 0.70 0
683.7 0 0.0 0 61.1 0 0 10.1 0.0 0.000 0 0.70 0
684.7 0 0.0 0 61.1 0 0 10.1 0.0 0.000 0 0.70 0
685.7 0 0.0 0 61.0 0 0 10.1 0.0 0.000 0 0.70 0
686.7 0 0.0 0 61.0 0 0 10.1 0.0 0.000 0 0.70 0
687.7 0 0.0 0 61.0 0 0 10.1 0.0 0.000 0 0.70 0
688.7 0 0.0 0 61.0 0 0 10.1 0.0 0.000 0 0.70 0
689.7 0 0.0 0 61.0 0 0 10.1 0.0 0.000 0 0.70 0
690.7 0 0.0 0 60.9 0 0 10.1 0.0 0.000 0 0.70 0
691.7 0 0.0 0 60.9 0 0 10.1 0.0 0.000 0 0.70 0
692.7 0 0.0 0 60.9 0 0 10.1 0.0 0.000 0 0.70 0
693.7 0 0.0 0 60.9 0 0 10.1 0.0 0.000 0 0.70 0
694.7 0 0.0 0 60.9 0 0 10.1 0.0 0.000 0 0.70 0
695.7 0 0.0 0 60.8 0 0 10.1 0.0 0.000 0 0.70 0
696.7 0 0.0 0 60.8 0 0 10.1 0.0 0.000 0 0.70 0
697.7 0 0.0 0 60.8 0 0 10.1 0.0 0.000 0 0.70 0
698.7 0 0.0 0 60.8 0 0 10.1 0.0 0.000 0 0.70 0
699.7 0 0.0 0 60.8 0 0 10.1 0.0 0.000 0 0.70 0
700.7 0 0.0 0 60.8 0 0 10.1 0.0 0.000 0 0.70 0
701.7 0 0.0 0 60.7 0 0 10.1 0.0 0.000 0 0.70 0
702.7 0 0.0 0 60.7 0 0 10.1 0.0 0.000 0 0.70 0
703.7 0 0.0 0 60.7 0 0 10.1 0.0 0.000 0 0.70 0
704.7 0 0.0 0 60.7 0 0 10.1 0.0 0.000 0 0.70 0
705.7 0 0.0 0 60.7 0 0 10.1 0.0 0.000 0 0.70 0
706.7 0 0.0 0 60.6 0 0 10.1 0.0 0.000 0 0.70 0
707.7 0 0.0 0 60.6 0 0 10.1 0.0 0.000 0 0.70 0
708.7 0 0.0 0 60.6 0 0 10.1 0.0 0.000 0 0.70 0
709.7 0 0.0 0 60.6 0 0 10.1 0.0 0.000 0 0.70 0
710.7 0 0.0 0 60.6 0 0 10.1 0.0 0.000 0 0.70 0
711.7 0 0.0 0 60.5 0 0 10.1 0.0 0.000 0 0.70 0
712.7 0 0.0 0 60.5 0 0 10.1 0.0 0.000 0 0.70 0
713.7 0 0.0 0 60.5 0 0 10.1 0.0 0.000 0 0.70 0
714.7 0 0.0 0 60.5 0 0 10.1 0.0 0.000 0 0.70 0
715.7 0 0.0 0 60.5 0 0 10.1 0.0 0.000 0 0.70 0
716.7 0 0.0 0 60.5 0 0 10.1 0.0 0.000 0 0.70 0
717.7 0 0.0 0 60.4 0 0 10.1 0.0 0.000 0 0.70 0
718.7 0 0.0 0 60.4 0 0 10.1 0.0 0.000 0 0.70 0
719.7 0 0.0 0 60.4 0 0 10.1 0.0 0.000 0 0.70 0
720.7 0 0.0 0 60.4 0 0 10.1 0.0 0.000 0 0.70 0
721.7 0 0.0 0 60.4 0 0 10.1 0.0 0.000 0 0.70 0
722.7 0 0.0 0 60.3 0 0 10.1 0.0 0.000 0 0.70 0
723.7 0 0.0 0 60.3 0 0 10.1 0.0 0.000 0 0.70 0
724.7 0 0.0 0 60.3 0 0 10.1 0.0 0.000 0 0.70 0
725.7 0 0.0 0 60.3 0 0 10.1 0.0 0.000 0 0.70 0
726.7 0 0.0 0 60.3 0 0 10.1 0.0 0.000 0 0.70 0
727.7 0 0.0 0 60.2 0 0 10.1 0.0 0.000 0 0.70 0
728.7 0 0.0 0 60.2 0 0 10.1 0.0 0.000 0 0.70 0
729.7 0 0.0 0 60.2 0 0 10.1 0.0 0.000 0 0.70 0
730.7 0 0.0 0 60.2 0 0 10.1 0.0 0.000 0 0.70 0
731.7 0 0.0 0 60.2 0 0 10.1 0.0 0.000 0 0.70 0
732.7 0 0.0 0 60.2 0 0 10.1 0.0 0.000 0 0.70 0
733.7 0 0.0 0 60.1 0 0 10.1 0.0 0.000 0 0.70 0
734.7 0 0.0 0 60.1 0 0 10.1 0.0 0.000 0 0.70 0
735.7 0 0.0 0 60.1 0 0 10.1 0.0 0.000 0 0.70 0
736.7 0 0.0 0 60.1 0 0 10.1 0.0 0.000 0 0.70 0
737.7 0 0.0 0 60.1 0 0 10.1 0.0 0.000 0 0.70 0
738.7 0 0.0 0 60.0 0 0 10.1 0.0 0.000 0 0.70 0
739.7 0 0.0 0 60.0 0 0 10.1 0.0 0.000 0 0.70 0
740.7 0 0.0 0 60.0 0 0 10.1 0.0 0.000 0 0.70 0
741.7 0 0.0 0 60.0 0 0 10.1 0.0 0.000 0 0.70 0
742.7 0 0.0 0 60.0 0 0 10.1 0.0 0.000 0 0.70 0
743.7 0 0.0 0 60.0 0 0 10.1 0.0 0.000 0 0.70 0
744.7 0 0.0 0 59.9 0 0 10.1 0.0 0.000 0 0.70 0
745.7 0 0.0 0 59.9 0 0 10.1 0.0 0.000 0 0.70 0
746.7 0 0.0 0 59.9 0 0 10.1 0.0 0.000 0 0.70 0
747.7 0 0.0 0 59.9 0 0 10.1 0.0 0.000 0 0.70 0
748.7 0 0.0 0 59.9 0 0 10.1 0.0 0.000 0 0.70 0
749.7 0 0.0 0 59.8 0 0 10.1 0.0 0.000 0 0.70 0
750.7 0 0.0 0 59.8 0 0 10.1 0.0 0.000 0 0.70 0
751.7 0 0.0 0 59.8 0 0 10.1 0.0 0.000 0 0.70 0
752.7 0 0.0 0 59.8 0 0 10.1 0.0 0.000 0 0.70 0
753.7 0 0.0 0 59.8 0 0 10.1 0.0 0.000 0 0.70 0
754.7 0 0.0 0 59.8 0 0 10.1 0.0 0.000 0 0.70 0
755.7 0 0.0 0 59.7 0 0 10.1 0.0 0.000 0 0.70 0
756.7 0 0.0 0 59.7 0 0 10.1 0.0 0.000 0 0.70 0
757.7 0 0.0 0 59.7 0 0 10.1 0.0 0.000 0 0.70 0
758.7 0 0.0 0 59.7 0 0 10.1 0.0 0.000 0 0.70 0
759.7 0 0.0 0 59.7 0 0 10.1 0.0 0.000 0 0.70 0
760.7 0 0.0 0 59.6 0 0 10.1 0.0 0.000 0 0.70 0
761.7 0 0.0 0 59.6 0 0 10.1 0.0 0.000 0 0.70 0
762.7 0 0.0 0 59.6 0 0 10.1 0.0 0.000 0 0.70 0
763.7 0 0.0 0 59.6 0 0 10.1 0.0 0.000 0 0.70 0
764.7 0 0.0 0 59.6 0 0 10.1 0.0 0.000 0 0.70 0
765.7 0 0.0 0 59.5 0 0 10.1 0.0 0.000 0 0.70 0
766.7 0 0.0 0 59.5 0 0 10.1 0.0 0.000 0 0.70 0
767.7 0 0.0 0 59.5 0 0 10.1 0.0 0.000 0 0.70 0
768.7 0 0.0 0 59.5 0 0 10.1 0.0 0.000 0 0.70 0
769.7 0 0.0 0 59.5 0 0 10.1 0.0 0.000 0 0.70 0
770.7 0 0.0 0 59.5 0 0 10.1 0.0 0.000 0 0.70 0
771.7 0 0.0 0 59.4 0 0 10.1 0.0 0.000 0 0.70 0
772.7 0 0.0 0 59.4 0 0 10.1 0.0 0.000 0 0.70 0
773.7 0 0.0 0 59.4 0 0 10.1 0.0 0.000 0 0.70 0
774.7 0 0.0 0 59.4 0 0 10.1 0.0 0.000 0 0.70 0
775.7 0 0.0 0 59.4 0 0 10.1 0.0 0.000 0 0.70 0
776.7 0 0.0 0 59.3 0 0 10.1 0.0 0.000 0 0.70 0
777.7 0 0.0 0 59.3 0 0 10.1 0.0 0.000 0 0.70 0
778.7 0 0.0 0 59.3 0 0 10.1 0.0 0.000 0 0.70 0
779.7 0 0.0 0 59.3 0 0 10.1 0.0 0.000 0 0.70 0
780.7 0 0.0 0 59.3 0 0 10.1 0.0 0.000 0 0.70 0
781.7 0 0.0 0 59.3 0 0 10.1 0.0 0.000 0 0.70 0
782.7 0 0.0 0 59.2 0 0 10.1 0.0 0.000 0 0.70 0
783.7 0 0.0 0 59.2 0 0 10.1 0.0 0.000 0 0.70 0
784.7 0 0.0 0 59.2 0 0 10.1 0.0 0.000 0 0.70 0
785.7 0 0.0 0 59.2 0 0 10.1 0.0 0.000 0 0.70 0
786.7 0 0.0 0 59.2 0 0 10.1 0.0 0.000 0 0.70 0
787.7 0 0.0 0 59.1 0 0 10.1 0.0 0.000 0 0.70 0
788.7 0 0.0 0 59.1 0 0 10.1 0.0 0.000 0 0.70 0
789.7 0 0.0 0 59.1 0 0 10.1 0.0 0.000 0 0.70 0
790.7 0 0.0 0 59.1 0 0 10.1 0.0 0.000 0 0.70 0
791.7 0 0.0 0 59.1 0 0 10.1 0.0 0.000 0 0.70 0
792.7 0 0.0 0 59.1 0 0 10.1 0.0 0.000 0 0.70 0
793.7 0 0.0 0 59.0 0 0 10.1 0.0 0.000 0 0.70 0
794.7 0 0.0 0 59.0 0 0 10.1 0.0 0.000 0 0.70 0
795.7 0 0.0 1 59.0 0 0 10.1 0.0 0.000 0 0.70 0
796.7 0 0.0 1 59.1 0 0 10.1 0.0 0.000 0 0.70 0
797.7 0 0.0 1 59.2 0 0 10.1 0.0 0.000 0 0.70 0
798.7 0 0.0 1 59.2 0 0 10.1 0.0 0.000 0 0.70 0
799.7 0 0.0 1 59.3 0 0 10.1 0.0 0.000 0 0.70 0
800.7 0 0.0 1 59.4 0 0 10.1 0.0 0.000 0 0.70 0
801.7 0 0.0 1 59.5 0 0 10.1 0.0 0.000 0 0.70 0
802.7 0 0.0 1 59.5 0 0 10.1 0.0 0.000 0 0.70 0
803.7 0 0.0 1 59.6 0 0 10.1 0.0 0.000 0 0.70 0
804.7 0 0.0 1 59.7 0 0 10.1 0.0 0.000 0 0.71 0
805.7 0 0.0 1 59.7 0 0 10.1 0.0 0.000 0 0.71 0
806.7 0 0.0 1 59.8 0 0 10.1 0.0 0.000 0 0.71 0
807.7 0 0.0 1 59.9 0 0 10.1 0.0 0.000 0 0.71 0
808.7 0 0.0 1 59.9 0 0 10.1 0.0 0.000 0 0.71 0
809.7 0 0.0 1 60.0 0 0 10.1 0.0 0.000 0 0.71 0
810.7 0 0.0 1 60.1 0 0 10.1 0.0 0.000 0 0.71 0
811.7 0 0.0 1 60.2 0 0 10.1 0.0 0.000 0 0.71 0
812.7 0 0.0 1 60.2 0 0 10.1 0.0 0.000 0 0.71 0
813.7 0 0.0 1 60.3 0 0 10.1 0.0 0.000 0 0.72 0
814.7 0 0.0 1 60.4 0 0 10.1 0.0 0.000 0 0.72 0
815.7 0 0.0 1 60.4 0 0 10.1 0.0 0.000 0 0.72 0
816.7 0 0.0 1 60.5 0 0 10.1 0.0 0.000 0 0.72 0
817.7 0 0.0 1 60.6 0 0 10.1 0.0 0.000 0 0.72 0
818.7 0 0.0 1 60.6 0 0 10.1 0.0 0.000 0 0.72 0
819.7 0 0.0 1 60.7 0 0 10.1 0.0 0.000 0 0.72 0
820.7 0 0.0 1 60.8 0 0 10.1 0.0 0.000 0 0.72 0
821.7 0 0.0 1 60.9 0 0 10.1 0.0 0.000 0 0.72 0
822.7 0 0.0 1 60.9 0 0 10.1 0.0 0.000 0 0.72 0
823.7 0 0.0 1 61.0 0 0 10.1 0.0 0.000 0 0.73 0
824.7 0 0.0 1 61.1 0 0 10.1 0.0 0.000 0 0.73 0
825.7 0 0.0 1 61.1 0 0 10.1 0.0 0.000 0 0.73 0
826.7 0 0.0 1 61.2 0 0 10.1 0.0 0.000 0 0.73 0
827.7 0 0.0 1 61.3 0 0 10.1 0.0 0.000 0 0.73 0
828.7 0 0.0 1 61.3 0 0 10.1 0.0 0.000 0 0.73 0
829.7 0 0.0 1 61.4 0 0 10.1 0.0 0.000 0 0.73 0
830.7 0 0.0 1 61.5 0 0 10.1 0.0 0.000 0 0.73 0
831.7 0 0.0 1 61.5 0 0 10.1 0.0 0.000 0 0.73 0
832.7 0 0.0 1 61.6 0 0 10.1 0.0 0.000 0 0.73 0
833.7 0 0.0 1 61.7 0 0 10.1 0.0 0.000 0 0.74 0
834.7 0 0.0 1 61.7 0 0 10.1 0.0 0.000 0 0.74 0
835.7 0 0.0 1 61.8 0 0 10.1 0.0 0.000 0 0.74 0
836.7 0 0.0 1 61.9 0 0 10.1 0.0 0.000 0 0.74 0
837.7 0 0.0 1 61.9 0 0 10.1 0.0 0.000 0 0.74 0
838.7 0 0.0 1 62.0 0 0 10.1 0.0 0.000 0 0.74 0
839.7 0 0.0 1 62.1 0 0 10.1 0.0 0.000 0 0.74 0
840.7 0 0.0 1 62.1 0 0 10.1 0.0 0.000 0 0.74 0
841.7 0 0.0 1 62.2 0 0 10.1 0.0 0.000 0 0.74 0
842.7 0 0.0 1 62.3 0 0 10.1 0.0 0.000 0 0.74 0
843.7 0 0.0 1 62.3 0 0 10.1 0.0 0.000 0 0.75 0
844.7 0 0.0 1 62.4 0 0 10.1 0.0 0.000 0 0.75 0
845.7 0 0.0 1 62.5 0 0 10.1 0.0 0.000 0 0.75 0
846.7 0 0.0 1 62.5 0 0 10.1 0.0 0.000 0 0.75 0
847.7 0 0.0 1 62.6 0 0 10.1 0.0 0.000 0 0.75 0
848.7 0 0.0 1 62.7 0 0 10.1 0.0 0.000 0 0.75 0
849.7 0 0.0 1 62.7 0 0 10.1 0.0 0.000 0 0.75 0
850.7 0 0.0 1 62.8 0 0 10.1 0.0 0.000 0 0.75 0
851.7 0 0.0 1 62.9 0 0 10.1 0.0 0.000 0 0.75 0
852.7 0 0.0 1 62.9 0 0 10.1 0.0 0.000 0 0.76 0
853.7 0 0.0 0 63.0 0 0 10.1 0.0 0.000 0 0.76 0
854.7 0 0.0 0 62.9 0 0 10.1 0.0 0.000 0 0.76 0
855.7 0 0.0 0 62.9 0 0 10.1 0.0 0.000 0 0.76 0
856.7 0 0.0 0 62.9 0 0 10.1 0.0 0.000 0 0.76 0
857.7 0 0.0 0 62.9 0 0 10.1 0.0 0.000 0 0.76 0
858.7 0 0.0 0 62.9 0 0 10.1 0.0 0.000 0 0.76 0
859.7 0 0.0 0 62.8 0 0 10.1 0.0 0.000 0 0.76 0
860.7 0 0.0 0 62.8 0 0 10.1 0.0 0.000 0 0.76 0
861.7 0 0.0 0 62.8 0 0 10.1 0.0 0.000 0 0.76 0
862.7 0 0.0 0 62.8 0 0 10.1 0.0 0.000 0 0.76 0
863.7 0 0.0 0 62.8 0 0 10.1 0.0 0.000 0 0.76 0
864.7 0 0.0 0 62.7 0 0 10.1 0.0 0.000 0 0.76 0
865.7 0 0.0 0 62.7 0 0 10.1 0.0 0.000 0 0.76 0
866.7 0 0.0 0 62.7 0 0 10.1 0.0 0.000 0 0.76 0
867.7 0 0.0 0 62.7 0 0 10.1 0.0 0.000 0 0.76 0
868.7 0 0.0 0 62.7 0 0 10.1 0.0 0.000 0 0.76 0
869.7 0 0.0 0 62.6 0 0 10.1 0.0 0.000 0 0.76 0
870.7 0 0.0 0 62.6 0 0 10.1 0.0 0.000 0 0.76 0
871.7 0 0.0 0 62.6 0 0 10.1 0.0 0.000 0 0.76 0
872.7 0 0.0 0 62.6 0 0 10.1 0.0 0.000 0 0.76 0
873.7 0 0.0 0 62.6 0 0 10.1 0.0 0.000 0 0.76 0
874.7 0 0.0 0 62.5 0 0 10.1 0.0 0.000 0 0.76 0
875.7 0 0.0 0 62.5 0 0 10.1 0.0 0.000 0 0.76 0
876.7 0 0.0 0 62.5 0 0 10.1 0.0 0.000 0 0.76 0
877.7 0 0.0 0 62.5 0 0 10.1 0.0 0.000 0 0.76 0
878.7 0 0.0 0 62.5 0 0 10.1 0.0 0.000 0 0.76 0
879.7 0 0.0 0 62.4 0 0 10.1 0.0 0.000 0 0.76 0
880.7 0 0.0 0 62.4 0 0 10.1 0.0 0.000 0 0.76 0
881.7 0 0.0 0 62.4 0 0 10.1 0.0 0.000 0 0.76 0
882.7 0 0.0 0 62.4 0 0 10.1 0.0 0.000 0 0.76 0
883.7 0 0.0 0 62.4 0 0 10.1 0.0 0.000 0 0.76 0
884.7 0 0.0 0 62.3 0 0 10.1 0.0 0.000 0 0.76 0
885.7 0 0.0 0 62.3 0 0 10.1 0.0 0.000 0 0.76 0
886.7 0 0.0 0 62.3 0 0 10.1 0.0 0.000 0 0.76 0
887.7 0 0.0 0 62.3 0 0 10.1 0.0 0.000 0 0.76 0
888.7 0 0.0 0 62.3 0 0 10.1 0.0 0.000 0 0.76 0
889.7 0 0.0 0 62.2 0 0 10.1 0.0 0.000 0 0.76 0
890.7 0 0.0 0 62.2 0 0 10.1 0.0 0.000 0 0.76 0
891.7 0 0.0 0 62.2 0 0 10.1 0.0 0.000 0 0.76 0
892.7 0 0.0 0 62.2 0 0 10.1 0.0 0.000 0 0.76 0
893.7 0 0.0 0 62.2 0 0 10.1 0.0 0.000 0 0.76 0
894.7 0 0.0 0 62.2 0 0 10.1 0.0 0.000 0 0.76 0
895.7 0 0.0 0 62.1 0 0 10.1 0.0 0.000 0 0.76 0
896.7 0 0.0 0 62.1 0 0 10.1 0.0 0.000 0 0.76 0
897.7 0 0.0 0 62.1 0 0 10.1 0.0 0.000 0 0.76 0
898.7 0 0.0 0 62.1 0 0 10.1 0.0 0.000 0 0.76 0
899.7 0 0.0 0 62.1 0 0 10.1 0.0 0.000 0 0.76 0
900.7 0 0.0 0 62.0 0 0 10.1 0.0 0.000 0 0.76 0
901.7 0 0.0 0 62.0 0 0 10.1 0.0 0.000 0 0.76 0
902.7 0 0.0 0 62.0 0 0 10.1 0.0 0.000 0 0.76 0
903.7 0 0.0 0 62.0 0 0 10.1 0.0 0.000 0 0.76 0
904.7 0 0.0 0 62.0 0 0 10.1 0.0 0.000 0 0.76 0
905.7 0 0.0 0 61.9 0 0 10.1 0.0 0.000 0 0.76 0
906.7 0 0.0 0 61.9 0 0 10.1 0.0 0.000 0 0.76 0
907.7 0 0.0 0 61.9 0 0 10.1 0.0 0.000 0 0.76 0
908.7 0 0.0 0 61.9 0 0 10.1 0.0 0.000 0 0.76 0
909.7 0 0.0 0 61.9 0 0 10.1 0.0 0.000 0 0.76 0
910.7 0 0.0 0 61.8 0 0 10.1 0.0 0.000 0 0.76 0
911.7 0 0.0 0 61.8 0 0 10.1 0.0 0.000 0 0.76 0
912.7 0 0.0 0 61.8 0 0 10.1 0.0 0.000 0 0.76 0
913.7 0 0.0 0 61.8 0 0 10.1 0.0 0.000 0 0.76 0
914.7 0 0.0 0 61.8 0 0 10.1 0.0 0.000 0 0.76 0
915.7 0 0.0 0 61.7 0 0 10.1 0.0 0.000 0 0.76 0
916.7 0 0.0 0 61.7 0 0 10.1 0.0 0.000 0 0.76 0
917.7 0 0.0 0 61.7 0 0 10.1 0.0 0.000 0 0.76 0
918.7 0 0.0 0 61.7 0 0 10.1 0.0 0.000 0 0.76 0
919.7 0 0.0 0 61.7 0 0 10.1 0.0 0.000 0 0.76 0
920.7 0 0.0 0 61.6 0 0 10.1 0.0 0.000 0 0.76 0
921.7 0 0.0 0 61.6 0 0 10.1 0.0 0.000 0 0.76 0
922.7 0 0.0 0 61.6 0 0 10.1 0.0 0.000 0 0.76 0
923.7 0 0.0 0 61.6 0 0 10.1 0.0 0.000 0 0.76 0
924.7 0 0.0 0 61.6 0 0 10.1 0.0 0.000 0 0.76 0
925.7 0 0.0 0 61.6 0 0 10.1 0.0 0.000 0 0.76 0
926.7 0 0.0 0 61.5 0 0 10.1 0.0 0.000 0 0.76 0
927.7 0 0.0 0 61.5 0 0 10.1 0.0 0.000 0 0.76 0
928.7 0 0.0 0 61.5 0 0 10.1 0.0 0.000 0 0.76 0
929.7 0 0.0 0 61.5 0 0 10.1 0.0 0.000 0 0.76 0
930.7 0 0.0 0 61.5 0 0 10.1 0.0 0.000 0 0.76 0
931.7 0 0.0 0 61.4 0 0 10.1 0.0 0.000 0 0.76 0
932.7 0 0.0 0 61.4 0 0 10.1 0.0 0.000 0 0.76 0
933.7 0 0.0 0 61.4 0 0 10.1 0.0 0.000 0 0.76 0
934.7 0 0.0 0 61.4 0 0 10.1 0.0 0.000 0 0.76 0
935.7 0 0.0 0 61.4 0 0 10.1 0.0 0.000 0 0.76 0
936.7 0 0.0 0 61.3 0 0 10.1 0.0 0.000 0 0.76 0
937.7 0 0.0 0 61.3 0 0 10.1 0.0 0.000 0 0.76 0
938.7 0 0.0 0 61.3 0 0 10.1 0.0 0.000 0 0.76 0
939.7 0 0.0 0 61.3 0 0 10.1 0.0 0.000 0 0.76 0
940.7 0 0.0 0 61.3 0 0 10.1 0.0 0.000 0 0.76 0
941.7 0 0.0 0 61.2 0 0 10.1 0.0 0.000 0 0.76 0
942.7 0 0.0 0 61.2 0 0 10.1 0.0 0.000 0 0.76 0
943.7 0 0.0 0 61.2 0 0 10.1 0.0 0.000 0 0.76 0
944.7 0 0.0 0 61.2 0 0 10.1 0.0 0.000 0 0.76 0
945.7 0 0.0 0 61.2 0 0 10.1 0.0 0.000 0 0.76 0
946.7 0 0.0 0 61.2 0 0 10.1 0.0 0.000 0 0.76 0
947.7 0 0.0 0 61.1 0 0 10.1 0.0 0.000 0 0.76 0
948.7 0 0.0 0 61.1 0 0 10.1 0.0 0.000 0 0.76 0
949.7 0 0.0 0 61.1 0 0 10.1 0.0 0.000 0 0.76 0
950.7 0 0.0 0 61.1 0 0 10.1 0.0 0.000 0 0.76 0
951.7 0 0.0 0 61.1 0 0 10.1 0.0 0.000 0 0.76 0
952.7 0 0.0 0 61.0 0 0 10.1 0.0 0.000 0 0.76 0
953.7 0 0.0 0 61.0 0 0 10.1 0.0 0.000 0 0.76 0
954.7 0 0.0 0 61.0 0 0 10.1 0.0 0.000 0 0.76 0
955.7 0 0.0 0 61.0 0 0 10.1 0.0 0.000 0 0.76 0
956.7 0 0.0 0 61.0 0 0 10.1 0.0 0.000 0 0.76 0
957.7 0 0.0 0 60.9 0 0 10.1 0.0 0.000 0 0.76 0
958.7 0 0.0 0 60.9 0 0 10.1 0.0 0.000 0 0.76 0
959.7 0 0.0 0 60.9 0 0 10.1 0.0 0.000 0 0.76 0
960.7 0 0.0 0 60.9 0 0 10.1 0.0 0.000 0 0.76 0
961.7 0 0.0 0 60.9 0 0 10.1 0.0 0.000 0 0.76 0
962.7 0 0.0 0 60.9 0 0 10.1 0.0 0.000 0 0.76 0
963.7 0 0.0 0 60.8 0 0 10.1 0.0 0.000 0 0.76 0
964.7 0 0.0 0 60.8 0 0 10.1 0.0 0.000 0 0.76 0
965.7 0 0.0 0 60.8 0 0 10.1 0.0 0.000 0 0.76 0
966.7 0 0.0 0 60.8 0 0 10.1 0.0 0.000 0 0.76 0
967.7 0 0.0 0 60.8 0 0 10.1 0.0 0.000 0 0.76 0
968.7 0 0.0 0 60.7 0 0 10.1 0.0 0.000 0 0.76 0
969.7 0 0.0 0 60.7 0 0 10.1 0.0 0.000 0 0.76 0
970.7 0 0.0 0 60.7 0 0 10.1 0.0 0.000 0 0.76 0
971.7 0 0.0 0 60.7 0 0 10.1 0.0 0.000 0 0.76 0
972.7 0 0.0 0 60.7 0 0 10.1 0.0 0.000 0 0.76 0
973.7 0 0.0 0 60.6 0 0 10.1 0.0 0.000 0 0.76 0
974.7 0 0.0 0 60.6 0 0 10.1 0.0 0.000 0 0.76 0
975.7 0 0.0 0 60.6 0 0 10.1 0.0 0.000 0 0.76 0
976.7 0 0.0 0 60.6 0 0 10.1 0.0 0.000 0 0.76 0
977.7 0 0.0 0 60.6 0 0 10.1 0.0 0.000 0 0.76 0
978.7 0 0.0 0 60.6 0 0 10.1 0.0 0.000 0 0.76 0
979.7 0 0.0 0 60.5 0 0 10.1 0.0 0.000 0 0.76 0
980.7 0 0.0 0 60.5 0 0 10.1 0.0 0.000 0 0.76 0
981.7 0 0.0 0 60.5 0 0 10.1 0.0 0.000 0 0.76 0
982.7 0 0.0 0 60.5 0 0 10.1 0.0 0.000 0 0.76 0
983.7 0 0.0 0 60.5 0 0 10.1 0.0 0.000 0 0.76 0
984.7 0 0.0 0 60.4 0 0 10.1 0.0 0.000 0 0.76 0
985.7 0 0.0 0 60.4 0 0 10.1 0.0 0.000 0 0.76 0
986.7 0 0.0 0 60.4 0 0 10.1 0.0 0.000 0 0.76 0
987.7 0 0.0 0 60.4 0 0 10.1 0.0 0.000 0 0.76 0
988.7 0 0.0 0 60.4 0 0 10.1 0.0 0.000 0 0.76 0
989.7 0 0.0 0 60.3 0 0 10.1 0.0 0.000 0 0.76 0
990.7 0 0.0 0 60.3 0 0 10.1 0.0 0.000 0 0.76 0
991.7 0 0.0 0 60.3 0 0 10.1 0.0 0.000 0 0.76 0
992.7 0 0.0 0 60.3 0 0 10.1 0.0 0.000 0 0.76 0
993.7 0 0.0 0 60.3 0 0 10.1 0.0 0.000 0 0.76 0
994.7 0 0.0 0 60.3 0 0 10.1 0.0 0.000 0 0.76 0
995.7 0 0.0 0 60.2 0 0 10.1 0.0 0.000 0 0.76 0
996.7 0 0.0 0 60.2 0 0 10.1 0.0 0.000 0 0.76 0
997.7 0 0.0 0 60.2 0 0 10.1 0.0 0.000 0 0.76 0
998.7 0 0.0 0 60.2 0 0 10.1 0.0 0.000 0 0.76 0
999.7 0 0.0 0 60.2 0 0 10.1 0.0 0.000 0 0.76 0
1000.7 0 0.0 0 60.1 0 0 10.1 0.0 0.000 0 0.76 0
1001.7 0 0.0 0 60.1 0 0 10.1 0.0 0.000 0 0.76 0
1002.7 0 0.0 0 60.1 0 0 10.1 0.0 0.000 0 0.76 0
1003.7 0 0.0 0 60.1 0 0 10.1 0.0 0.000 0 0.76 0
1004.7 0 0.0 0 60.1 0 0 10.1 0.0 0.000 0 0.76 0
1005.7 0 0.0 0 60.0 0 0 10.1 0.0 0.000 0 0.76 0
1006.7 0 0.0 0 60.0 0 0 10.1 0.0 0.000 0 0.76 0
1007.7 0 0.0 0 60.0 0 0 10.1 0.0 0.000 0 0.76 0
1008.7 0 0.0 0 60.0 0 0 10.1 0.0 0.000 0 0.76 0
1009.7 0 0.0 0 60.0 0 0 10.1 0.0 0.000 0 0.76 0
1010.7 0 0.0 0 60.0 0 0 10.1 0.0 0.000 0 0.76 0
1011.7 0 0.0 0 59.9 0 0 10.1 0.0 0.000 0 0.76 0
1012.7 0 0.0 0 59.9 0 0 10.1 0.0 0.000 0 0.76 0
1013.7 0 0.0 0 59.9 0 0 10.1 0.0 0.000 0 0.76 0
1014.7 0 0.0 0 59.9 0 0 10.1 0.0 0.000 0 0.76 0
1015.7 0 0.0 0 59.9 0 0 10.1 0.0 0.000 0 0.76 0
1016.7 0 0.0 0 59.8 0 0 10.1 0.0 0.000 0 0.76 0
1017.7 0 0.0 0 59.8 0 0 10.1 0.0 0.000 0 0.76 0
1018.7 0 0.0 0 59.8 0 0 10.1 0.0 0.000 0 0.76 0
1019.7 0 0.0 0 59.8 0 0 10.1 0.0 0.000 0 0.76 0
1020.7 0 0.0 0 59.8 0 0 10.1 0.0 0.000 0 0.76 0
1021.7 0 0.0 0 59.8 0 0 10.1 0.0 0.000 0 0.76 0
1022.7 0 0.0 0 59.7 0 0 10.1 0.0 0.000 0 0.76 0
1023.7 0 0.0 0 59.7 0 0 10.1 0.0 0.000 0 0.76 0
1024.7 0 0.0 0 59.7 0 0 10.1 0.0 0.000 0 0.76 0
1025.7 0 0.0 0 59.7 0 0 10.1 0.0 0.000 0 0.76 0
1026.7 0 0.0 0 59.7 0 0 10.1 0.0 0.000 0 0.76 0
1027.7 0 0.0 0 59.6 0 0 10.1 0.0 0.000 0 0.76 0
1028.7 0 0.0 0 59.6 0 0 10.1 0.0 0.000 0 0.76 0
1029.7 0 0.0 0 59.6 0 0 10.1 0.0 0.000 0 0.76 0
1030.7 0 0.0 0 59.6 0 0 10.1 0.0 0.000 0 0.76 0
1031.7 0 0.0 0 59.6 0 0 10.1 0.0 0.000 0 0.76 0
1032.7 0 0.0 0 59.6 0 0 10.1 0.0 0.000 0 0.76 0
1033.7 0 0.0 0 59.5 0 0 10.1 0.0 0.000 0 0.76 0
1034.7 0 0.0 0 59.5 0 0 10.1 0.0 0.000 0 0.76 0
1035.7 0 0.0 0 59.5 0 0 10.1 0.0 0.000 0 0.76 0
1036.7 0 0.0 0 59.5 0 0 10.1 0.0 0.000 0 0.76 0
1037.7 0 0.0 0 59.5 0 0 10.1 0.0 0.000 0 0.76 0
1038.7 0 0.0 0 59.4 0 0 10.1 0.0 0.000 0 0.76 0
1039.7 0 0.0 0 59.4 0 0 10.1 0.0 0.000 0 0.76 0
1040.7 0 0.0 0 59.4 0 0 10.1 0.0 0.000 0 0.76 0
1041.7 0 0.0 0 59.4 0 0 10.1 0.0 0.000 0 0.76 0
1042.7 0 0.0 0 59.4 0 0 10.1 0.0 0.000 0 0.76 0
1043.7 0 0.0 0 59.4 0 0 10.1 0.0 0.000 0 0.76 0
1044.7 0 0.0 0 59.3 0 0 10.1 0.0 0.000 0 0.76 0
1045.7 0 0.0 0 59.3 0 0 10.1 0.0 0.000 0 0.76 0
1046.7 0 0.0 0 59.3 0 0 10.1 0.0 0.000 0 0.76 0
1047.7 0 0.0 0 59.3 0 0 10.1 0.0 0.000 0 0.76 0
1048.7 0 0.0 0 59.3 0 0 10.1 0.0 0.000 0 0.76 0
1049.7 0 0.0 0 59.2 0 0 10.1 0.0 0.000 0 0.76 0
1050.7 0 0.0 0 59.2 0 0 10.1 0.0 0.000 0 0.76 0
1051.7 0 0.0 0 59.2 0 0 10.1 0.0 0.000 0 0.76 0
1052.7 0 0.0 0 59.2 0 0 10.1 0.0 0.000 0 0.76 0
1053.7 0 0.0 0 59.2 0 0 10.1 0.0 0.000 0 0.76 0
1054.7 0 0.0 0 59.2 0 0 10.1 0.0 0.000 0 0.76 0
1055.7 0 0.0 0 59.1 0 0 10.1 0.0 0.000 0 0.76 0
1056.7 0 0.0 0 59.1 0 0 10.1 0.0 0.000 0 0.76 0
1057.7 0 0.0 0 59.1 0 0 10.1 0.0 0.000 0 0.76 0
1058.7 0 0.0 0 59.1 0 0 10.1 0.0 0.000 0 0.76 0
1059.7 0 0.0 0 59.1 0 0 10.1 0.0 0.000 0 0.76 0
1060.7 0 0.0 0 59.0 0 0 10.1 0.0 0.000 0 0.76 0
1061.7 0 0.0 0 59.0 0 0 10.1 0.0 0.000 0 0.76 0
1062.7 0 0.0 1 59.0 0 0 10.1 0.0 0.000 0 0.76 0
1063.7 0 0.0 1 59.1 0 0 10.1 0.0 0.000 0 0.76 0
1064.7 0 0.0 1 59.2 0 0 10.1 0.0 0.000 0 0.76 0
1065.7 0 0.0 1 59.3 0 0 10.1 0.0 0.000 0 0.76 0
1066.7 0 0.0 1 59.3 0 0 10.1 0.0 0.000 0 0.76 0
1067.7 0 0.0 1 59.4 0 0 10.1 0.0 0.000 0 0.76 0
1068.7 0 0.0 1 59.5 0 0 10.1 0.0 0.000 0 0.76 0
1069.7 0 0.0 1 59.5 0 0 10.1 0.0 0.000 0 0.76 0
1070.7 0 0.0 1 59.6 0 0 10.1 0.0 0.000 0 0.76 0
1071.7 0 0.0 1 59.7 0 0 10.1 0.0 0.000 0 0.77 0
1072.7 0 0.0 1 59.8 0 0 10.1 0.0 0.000 0 0.77 0
1073.7 0 0.0 1 59.8 0 0 10.1 0.0 0.000 0 0.77 0
1074.7 0 0.0 1 59.9 0 0 10.1 0.0 0.000 0 0.77 0
1075.7 0 0.0 1 60.0 0 0 10.1 0.0 0.000 0 0.77 0
1076.7 0 0.0 1 60.0 0 0 10.1 0.0 0.000 0 0.77 0
1077.7 0 0.0 1 60.1 0 0 10.1 0.0 0.000 0 0.77 0
1078.7 0 0.0 1 60.2 0 0 10.1 0.0 0.000 0 0.77 0
1079.7 0 0.0 1 60.2 0 0 10.1 0.0 0.000 0 0.77 0
1080.7 0 0.0 1 60.3 0 0 10.1 0.0 0.000 0 0.77 0
1081.7 0 0.0 1 60.4 0 0 10.1 0.0 0.000 0 0.78 0
1082.7 0 0.0 1 60.4 0 0 10.1 0.0 0.000 0 0.78 0
1083.7 0 0.0 1 60.5 0 0 10.1 0.0 0.000 0 0.78 0
1084.7 0 0.0 1 60.6 0 0 10.1 0.0 0.000 0 0.78 0
1085.7 0 0.0 1 60.7 0 0 10.1 0.0 0.000 0 0.78 0
1086.7 0 0.0 1 60.7 0 0 10.1 0.0 0.000 0 0.78 0
1087.7 0 0.0 1 60.8 0 0 10.1 0.0 0.000 0 0.78 0
1088.7 0 0.0 1 60.9 0 0 10.1 0.0 0.000 0 0.78 0
1089.7 0 0.0 1 60.9 0 0 10.1 0.0 0.000 0 0.78 0
1090.7 0 0.0 1 61.0 0 0 10.1 0.0 0.000 0 0.79 0
1091.7 0 0.0 1 61.1 0 0 10.1 0.0 0.000 0 0.79 0
1092.7 0 0.0 1 61.1 0 0 10.1 0.0 0.000 0 0.79 0
